20150513000170
20150513002106
20150514002105
20150514004122
20150515000017
20150515000570
20150515001449
20150515001469
20150515001629
20150515001796
20150515002309
20150515002312
20150601000841
20150811000250
20150813000001
20150813000526
20150813000574
20150813001173
20150817000132
20150817000239
20150817000399
20150817000506
20150817000587
20150817000650
20150817000839
20150817000926
20150817001052
20150817001116
20150817001215
20150817001358
20151112000302
20151113000081
20151113000408
20151113000551
20151113001130
20151113001159
20151116000025
20151116000052
20151116000090
20151116000342
20151116000436
20151116000733
20151116000819
20151116001021
20151116001058
20151116001102
20151116001533
20151116001546
20160324000604
20160329000250
20160329000377
20160329000385
20160329000797
20160330000143
20160330000145
20160330000733
20160330000933
20160330001082
20160330001094
20160330002145
20160330002155
20160330002569
20160330002592
20160330003173
20160330003994
20160331002124
20160510000991
20160510002256
20160511001294
20160511002263
20160512000523
20160512000717
20160512000853
20160513003533
20160513003648
20160513004767
20160516000414
20160516000697
20160516000801
20160516000807
20160516000811
20160516000826
20160516000892
20160516001352
20160516001800
20160516001901
20160516002389
20160516002565
20160516002828
20160525000313
20160808000073
20160811000305
20160812000228
20160812000752
20160812000949
20160812001076
20160812001227
20160812001231
20160812001388
20160812001457
20160816000170
20160816000173
20160816000387
20160816001330
20160829000205
20161031000187
20161102000163
20161111000343
20161111000463
20161111000580
20161111000781
20161114000490
20161114000496
20161114001058
20161114001281
20161114001299
20161114001753
20161114002061
20161114002260
20161116000042
20161129000333
20170327000246
20170328000635
20170329000962
20170330000600
20170330000611
20170331000250
20170331000404
20170331000766
20170331000913
20170331001201
20170331001369
20170331001440
20170331001600
20170331003098
20170331003304
20170331003627
20170331003764
20170331004329
20170331005406
20170403000017
20170410002288
20170508000029
20170512000497
20170512000766
20170512004810
20170512005736
20170512005937
20170515000292
20170515000716
20170515001115
20170515001297
20170515001958
20170515002056
20170515002322
20170515002373
20170515002893
20170515003110
20170515003187
20170515003475
20170515003609
20170515003933
20170515004042
20170515004256
20170515004489
20170515005036
20170526000032
20170526000497
20170529000421
20170809000189
20170811000016
20170811000036
20170811000259
20170811000344
20170811000469
20170811000683
20170811000821
20170811000951
20170811000961
20170811000985
20170811001042
20170814000163
20170814000310
20170814000982
20170814001023
20170814001102
20170814001185
20170814001224
20170814001985
20170814002016
20170814002159
20171103000070
20171110000269
20171110000520
20171114000014
20171114000017
20171114000068
20171114000110
20171114000283
20171114000321
20171114000537
20171114000997
20171114001059
20171114001107
20171114001114
20171114001142
20171114001157
20171114001232
20171114001281
20171114001582
20171114002171
20171114002246
20171114002737
20171128000374
20171129000226
20180222000340
20180222000350
20180329000231
20180329000878
20180329001282
20180330000084
20180330000438
20180330000522
20180330001070
20180330001335
20180330001588
20180330001797
20180330002000
20180330002029
20180330002246
20180330002321
20180330002853
20180330003210
20180330003649
20180330003814
20180402000550
20180402000947
20180402002433
20180402002506
20180402002917
20180402003382
20180402004813
20180402004823
20180402005048
20180404001245
20180406002218
20180412001800
20180508000123
20180511003637
20180511004716
20180514001177
20180514003357
20180514004525
20180514005706
20180515000191
20180515000418
20180515000488
20180515000626
20180515000801
20180515000840
20180515000918
20180515000990
20180515001293
20180515001312
20180515001328
20180515001657
20180515001730
20180515002006
20180515002147
20180515002312
20180515002418
20180515002477
20180608000064
20180703000048
20180809000272
20180809000296
20180813000509
20180813000607
20180814000270
20180814000477
20180814000767
20180814001137
20180814001202
20180814001622
20180814001745
20180814001746
20180814001790
20180814001863
20180814002127
20180814002217
20180814002229
20180814002331
20180814002717
20181107000097
20181107000224
20181112000276
20181114000451
20181114000508
20181114000986
20181114001040
20181114001173
20181114001427
20181114001573
20181114001623
20181114001643
20181114001961
20181114002344
20181114002485
20181114002523
20181114002585
20181114002596
20181114002912
20190322000052
20190329000771
20190329001384
20190329002416
20190329002468
20190329002526
20190329003610
20190329003836
20190329004058
20190401001315
20190401002225
20190401002744
20190401003076
20190401003424
20190401003486
20190401003783
20190401003940
20190401004897
20190401004980
20190409001913
20190412002141
20190514000313
20190514000588
20190514000777
20190514000901
20190515000304
20190515000336
20190515000382
20190515000697
20190515000729
20190515000783
20190515000911
20190515001133
20190515001345
20190515001407
20190515001414
20190515001540
20190515001619
20190515001933
20190515002054
20190515002301
20190515002546
20190603000157
20190708000371
20190710000662
20190809000161
20190812000266
20190812000278
20190812000411
20190813000056
20190813000174
20190813000275
20190813000384
20190814000044
20190814000674
20190814000772
20190814000832
20190814000999
20190814001106
20190814001275
20190814001479
20190814001522
20190814001527
20190814001644
20190814001803
20190814001955
20190814002213
20190814002303
20190814002676
20190814002789
20191025000117
20191112000034
20191113000014
20191113000023
20191113000067
20191113000082
20191113000151
20191114000134
20191114000279
20191114000361
20191114000375
20191114000713
20191114000728
20191114000990
20191114001082
20191114001353
20191114001552
20191114001656
20191114001762
20191114002065
20191114002569
20200326000781
20200327000773
20200327000858
20200327001053
20200327001117
20200327001418
20200327001942
20200330001047
20200330001462
20200330001508
20200330001935
20200330001997
20200330002064
20200330002325
20200330002434
20200330003034
20200330003085
20200330003636
20200330003713
20200330003976
20200330004207
20200330004654
20200330004709
20200331002441
20200428000092
20200507000561
20200507000625
20200514000036
20200514000490
20200514000545
20200514000987
20200514000991
20200515000078
20200515000139
20200515000143
20200515000158
20200515000306
20200515000329
20200515000597
20200515000667
20200515000675
20200515000722
20200515000942
20200515000943
20200515001046
20200515001205
20200515001270
20200515001311
20200515001463
20200515001488
20200515001546
20200515001651
20200515001847
20200515002087
20200515002097
20200527000353
20200602000227
20200602000228
20200807000041
20200811000145
20200811000219
20200812000149
20200813000619
20200813000650
20200814000028
20200814000140
20200814000214
20200814000427
20200814000524
20200814000592
20200814000691
20200814000791
20200814000842
20200814000908
20200814001145
20200814001152
20200814001301
20200814001788
20200814002110
20200814002207
20200814002751
20200819000164
20200831001170
20201109000116
20201112000115
20201112000192
20201112000196
20201112000302
20201112000310
20201113000153
20201113000191
20201113000271
20201113000604
20201113000622
20201113000626
20201113000786
20201113000976
20201113000996
20201116000161
20201116000268
20201116000445
20201116000501
20201116000511
20201116000811
20201116000832
20201116000938
20201116000976
20201116001269
20201116001442
20201116001780
20201116001994
20201116002143
20201119000186
20210218000973
20210218001072
20210218001076
20210308000579
20210308000637
20210311000533
20210312000964
20210316000030
20210316001182
20210316001190
20210317000682
20210317000808
20210317000884
20210317000932
20210318001139
20210319000189
20210319000854
20210319001097
20210319001336
20210322000251
20210322000488
20210322000896
20210322001015
20210322001021
20210323000602
20210323000753
20210323000993
20210323001166
20210325000865
20210419000262
20210429000183
20210503000454
20210507000365
20210507000371
20210511000394
20210512000367
20210513000485
20210513000697
20210513000710
20210513000830
20210514000349
20210514000366
20210514000844
20210514000892
20210514001151
20210514001221
20210514001305
20210514001527
20210514001542
20210514001691
20210517000017
20210517000088
20210517000185
20210517000224
20210517000419
20210517000457
20210517000493
20210517000607
20210517000687
20210517000802
20210517000955
20210517001032
20210517001036
20210517001406
20210521000175
20210528000234
20210603000195
20210604000256
20210810000133
20210810000383
20210811000144
20210811000255
20210812000180
20210813000205
20210813000214
20210813000263
20210813000655
20210813000826
20210813000870
20210813001193
20210813001209
20210813001218
20210813001305
20210813001343
20210813001365
20210817000005
20210817000012
20210817000054
20210817000393
20210817000653
20210817000707
20210817001026
20210817001051
20210817001161
20210817001209
20210817001605
20210817001758
20210817002048
20210817002076
20211110000248
20211111000258
20211111000368
20211112000288
20211112000496
20211112000716
20211112001072
20211112001105
20211112001148
20211112001174
20211115000029
20211115000163
20211115000184
20211115000544
20211115000712
20211115000772
20211115001052
20211115001108
20211115001110
20211115001256
20211115001561
20211115001644
20211115001815
20211115001918
20211115001981
20211115002218
20211115002256
20211117000208
20220308000045
20220314000822
20220316000323
20220317000536
20220317001166
20220318000737
20220318000775
20220318001112
20220321000270
20220321001311
20220321001354
20220322000701
20220322001108
20220323000337
20220323000713
20220323001209
20220323001269
20220324000531
20220324000586
20220328000433
20220331003640
20220503000010
20220509000183
20220510000269
20220511000715
20220512000873
20220513000351
20220513000558
20220513000784
20220513001140
20220513001283
20220513001536
20220516000159
20220516000221
20220516000498
20220516000523
20220516000604
20220516000850
20220516001135
20220516001324
20220516001376
20220516001431
20220516001791
20220516001947
20220516002047
20220516002074
20220516002297
20220516002386
20220516002699
20220516002714
20220524000362
20220526000359
20220613000326
20220722000305
20220801000277
20220812000012
20220812000564
20220812000942
20220812001057
20220812001075
20220812001136
20220812001193
20220812001227
20220816000725
20220816000750
20220816000881
20220816001084
20220816001177
20220816001221
20220816001348
20220816001382
20220816001859
20220816001964
20220816001975
20220816002003
20220816002197
20220816002199
20220816002481
20220822000430
20221110000182
20221111000059
20221111000294
20221111000346
20221111000387
20221111000723
20221111000847
20221111001051
20221114000003
20221114000007
20221114000313
20221114000593
20221114000791
20221114000859
20221114000917
20221114000960
20221114001294
20221114001302
20221114001493
20221114001507
20221114002223
20221114002543
20221114002740
20221114002749
20221114002798
20221208000449
20230309000357
20230310000842
20230316000657
20230317000968
20230317001056
20230321000261
20230321001146
20230321001192
20230321001310
20230321001402
20230322000490
20230323000423
20230323000659
20230323001273
20230323001329
20230323001387
20230323001467
20230324000127
20230329001303
20230512000185
20230512000507
20230512000677
20230512000712
20230512000777
20230512000825
20230512000919
20230512000964
20230512000995
20230512001170
20230515000709
20230515001063
20230515001113
20230515001263
20230515001713
20230515001900
20230515002006
20230515002303
20230515002331
20230515002514
20230515002650
20230515002720
20230530000598
20230807000346
20230810000957
20230811001337
20230811001341
20230811001523
20230811001563
20230811001841
20230811001983
20230811002003
20230811002538
20230814000698
20230814000744
20230814000943
20230814001086
20230814001582
20230814001598
20230814001825
20230814002252
20230814002285
20230814002290
20230814002357
20230814002678
20230814002788
20230814002864
20230814002946
20230814003061
20230814003076
20230816000288
20230817000028
20230818000150
20231107000196
20231107000254
20231109000085
20231110000621
20231110000693
20231113000189
20231113000291
20231113000301
20231113000470
20231113000638
20231114000026
20231114000195
20231114000337
20231114000370
20231114000438
20231114000440
20231114000455
20231114000551
20231114000604
20231114000759
20231114001572
20231114001658
20231114001705
20231114001708
20231114001741
20231114001791
20231114001801
20231114002426
20231114002433
20231114002485
20231114002626
20231114002657
20231114002663
20231114002713
20231114002724
20231114002880
20231129000674
20240126000503
20240126000506
20240126000508
20240307000512
20240313001034
20240313001244
20240314000188
20240314000515
20240315000569
20240315000742
20240315000835
20240315000894
20240318000824
20240318000872
20240318000949
20240320000487
20240320000732
20240320001070
20240320001199
20240320001375
20240320001377
20240320001507
20240321000587
20240321000832
20240321001086
20240321001345
20240321001682
20240322000017
20240329003259
20240510000894
20240510000989
20240513000170
20240513000379
20240513000631
20240514000297
20240514000317
20240514000517
20240514000719
20240514000885
20240514001062
20240514001100
20240514001142
20240514001392
20240514001429
20240514001438
20240514001585
20240516000090
20240516000333
20240516000363
20240516000438
20240516000501
20240516000567
20240516001044
20240516001099
20240516001227
20240516001233
20240516001270
20240516001353
20240516001411
20240516001465
20240516001491
20240516001495
20240516001629
20240516001712
20240516001746
20240516001752
20240517000189
20240809000367
20240809000544
20240812000839
20240813000398
20240813000485
20240813001108
20240813001307
20240813001608
20240814001279
20240814001407
20240814001599
20240814001654
20240814001673
20240814001995
20240814002244
20240814002355
20240814002763
20240814002943
20240814002969
20240814003000
20240814003008
20240814003110
20240814003271
20240814003289
20240814003416
20240814003451
20240814003606
20240814003637
20240814003645
20240814003652
20240814003711
20240814003758
20240814003817
20240814003966
20240814003991
20240814004171
20240814004369
20240814004605
20240819000327
20240829000097
20240829001502
20241111000349
20241112000004
20241112000311
20241112000435
20241112000440
20241113000242
20241113000355
20241113000508
20241113000686
20241114000126
20241114000320
20241114000397
20241114000452
20241114000550
20241114000556
20241114000682
20241114000842
20241114000918
20241114001054
20241114001212
20241114001260
20241114001266
20241114001359
20241114001395
20241114001493
20241114001524
20241114001550
20241114001573
20241114001721
20241114001804
20241114001859
20241114001906
20241114001910
20241114001944
20241114001995
20241114002011
20241114002029
20241114002106
20241114002125
20241114002160
20241114002436
20241114002503
20241114002506
20241114002510
20241114002522
20241114002600
20241114002969
20250214001282
20250310000662
20250311000495
20250312000769
20250313001257
20250313001412
20250317000404
20250317000599
20250317000694
20250317000746
20250317000979
20250318000302
20250318001109
20250318001148
20250318001321
20250318001331
20250318001351
20250318001401
20250318001452
20250319000285
20250319001113
20250320000002
20250320000005
20250320000432
20250320000649
20250320000777
20250320000850
20250320000900
20250320000971
20250320001144
20250320001583
20250320001708
20250321001162
20250321001386
20250321001529
20250321001544
20250321001550
20250326000254
20250328000256
20250331001539
20250331001925
20250331003863
20250407003849
20250415000521
20250512000292
20250513000548
20250513000611
20250513000660
20250514000156
20250514000226
20250514000229
20250514000297
20250514000485
20250514000631
20250514000693
20250514000846
20250514000897
20250514000932
20250514001039
20250514001049
20250515000082
20250515000144
20250515000405
20250515000422
20250515000504
20250515000548
20250515000555
20250515000622
20250515000632
20250515000686
20250515000693
20250515000700
20250515000768
20250515000938
20250515000943
20250515001029
20250515001108
20250515001177
20250515001225
20250515001319
20250515001340
20250515001389
20250515001446
20250515001509
20250515001595
20250515001655
20250515001675
20250515001788
20250515001810
20250515001876
20250515001990
20250515002071
20250515002096
20250515002133
20250515002443
20250515002521
20250515002609
20250515002625
20250515002671
20250515002701
20250515002755
20250515002765
20250515002812
20250515002880
20250523000505
20250530002530
20250602000416
20250618000187
20250704000480
20250811000331
20250811000389
20250812000680
20250813000705
20250813001451
20250813001532
20250813001551
20250813001586
20250813001630
20250813001634
20250814000284
20250814000911
20250814000960
20250814000979
20250814001067
20250814001098
20250814001334
20250814001520
20250814001524
20250814001672
20250814001689
20250814001718
20250814001738
20250814001797
20250814001803
20250814001964
20250814001976
20250814002214
20250814002315
20250814002517
20250814002608
20250814002613
20250814002657
20250814002727
20250814002807
20250814003171
20250814003174
20250814003274
20250814003431
20250814003621
20250814003701
20250814003822
20250814003856
20250814003857
20250814003873
20250814004113
20250814004135
20250814004226
20250814004229
20250814004338
20250814004412
20250818000043
20250819000175
20250822000143
20250829001958
20251001000321
20251112000375
20251112000405
20251113000282
20251113000498
20251113000685
20251113000782
20251113000801
20251113000867
20251113000870
20251113000930
20251114000191
20251114000386
20251114000523
20251114000530
20251114000599
20251114000678
20251114000707
20251114000725
20251114000801
20251114000851
20251114000854
20251114000918
20251114001033
20251114001183
20251114001250
20251114001443
20251114001636
20251114001672
20251114001751
20251114001769
20251114001797
20251114001867
20251114001897
20251114001899
20251114002046
20251114002076
20251114002114
20251114002236
20251114002255
20251114002317
20251114002367
20251114002399
20251114002418
20251114002517
20251114002660
20251114002675
20251114002720
20251114002785
20251114002855
20251114002880
20251120000429
20251120000431
20251201000488
20251201000564
20251201000790
20260213002114
20260312000752
20260312001247
20260316000883
20260316001214
20260317000585
20260318000717
20260318000728
20260318000795
20260318000824
20260318000937
20260318001145
20260318001190
20260318001224
20260318001328
20260318001359
20260318001575
20260318001613
20260319000661
20260319000720
20260319000779
20260319000927
20260319000984
20260319001265
20260319001295
20260320000650
20260323000905
20260323001194
20260323001523
20260323001668
20260323001706
20260330001311
20260331003309
20260507000504
20260508000291
20260512000129
20260512000561
20260514000062
20260514000115
20260514000352
20260514000385
20260514000580
20260514001051
20260514001068
20260514001515
20260515000171
20260515000210
20260515000275
20260515000300
20260515000320
20260515000505
20260515000697
20260515000768
20260515000862
20260515000864
20260515000963
20260515000978
20260515000984
20260515001001
20260515001026
20260515001042
20260515001059
20260515001083
20260515001084
20260515001124
20260515001328
20260515001402
20260515001442
20260515001501
20260515001624
20260515001632
20260515001660
20260515001699
20260515001709
20260515001723
20260515001784
20260515001847
20260515001963
20260515001979
20260515002072
20260515002141
20260515002235
20260515002247
20260515002520
20260515002567
20260515002898
20260515002955
20260515003113
20260515003122
20260515003132
20260529000793
20260529002315
20260617000359
20260731000292
20260807000168
20260811000654
20260812000298
20260812000605
20260813000727
20260813000800
20260813001356
20260813001784
20260814000004
20260814000447
20260814000510
20260814001025
20260814001112
20260814001431
20260814001433
20260814001600
20260814001631
20260814001647
20260814001843
20260814002086
20260814002172
20260814002213
20260814002279
20260814002359
20260814002370
20260814002546
20260814002694
20260814002734
20260814002772
20260814002799
20260814002935
20260814002966
20260814003019
20260814003039
20260814003212
20260814003255
20260814003333
20260814003406
20260814003499
20260814003597
20260814003825
20260814003934
