20050214000399
20100212000019
20100216000137
20100216000263
20100629000021
20100629000216
20100629000330
20100629000363
20100816000389
20100816000643
20100816001109
20100816001158
20101115001079
20101115001252
20101115001278
20101115001387
20110214000049
20110214000191
20110214000209
20110214000352
20110629000029
20110629000199
20110629000413
20110629000435
20110829000722
20111129000861
20120229001096
20120330002741
20120829000260
20121129000628
20121129000780
20121129000900
20130214000140
20130228001468
20130304000175
20130701000230
20130705000326
20130814000765
20130814000861
20130814001126
20130828000548
20131114000512
20131114000918
20131114001308
20140328001247
20140515001020
20140515001180
20140515001479
20140814000409
20140814000683
20140814000897
20140814001239
20140814001546
20141113000348
20141114001146
20141114001478
20141114001593
20150330000977
20150331002037
20150331003901
20150515002053
20150817001477
20151116000492
20151116001080
20160330003007
20160516002286
20160829000239
20161128000280
20170329000665
20170331004334
20170529000130
20170811001143
20170814001112
20170814001552
20170814001766
20171113000400
20171114001084
20171114002442
20180330000754
20180330002076
20180330003573
20180402003672
20180515000855
20180515001353
20180809000242
20180814000735
20180814001274
20180814001663
20180814001900
20181114000945
20181114000964
20181114001607
20181114002157
20190329001196
20190401002503
20190401004790
20190514000994
20190515001215
20190515001315
20190515002563
20190701000275
20190813000491
20190814001883
20190814002425
20190814002667
20191113000497
20191114001626
20191114001872
20200327001681
20200330003122
20200330004522
20200331001446
20200403002016
20200514000771
20200514000793
20200515001625
20200515001780
20200812000268
20200813000571
20200814001024
20200814002714
20201113000756
20201116000340
20201116001139
20201116001453
20201116001591
20210303000650
20210316000545
20210316000922
20210317000957
20210317000970
20210326001145
20210514000562
20210514001092
20210517001421
20210813000226
20210813000296
20210817001375
20210817001793
20211115000127
20211115000784
20211115001301
20211115001494
20211115002269
20220308000292
20220315000921
20220315001172
20220317000673
20220317001176
20220322000927
20220513001203
20220516000140
20220516001726
20220516001852
20220527000564
20220812000354
20220812001200
20220816002092
20221111000253
20221111000932
20221114001395
20221114002387
20230314001271
20230315000460
20230316001115
20230512000648
20230515001533
20230516000222
20230811000917
20230811001697
20230814002168
