20110516001512
20110816000171
20111114000601
20120329000299
20120330001771
20120330003255
20120530000790
20120829000173
20120829000254
20120925000296
20121010000289
20121129000499
20121129000519
20130304000097
20130304000141
20130401001178
20130401001912
20130401002614
20130510002311
20130529000340
20130530000481
20130530000631
20130530000759
20130701000031
20130829000185
20130829000688
20131128000817
20131129001108
20131129001184
20140328000813
20140519000124
20140529000082
20140530001219
20140630000060
20140811000010
20140814001241
20140829001298
20140829001431
20141114000778
20141201000583
20150302000419
20150330001241
20150528000243
20150601001027
20150817000043
20160329001174
20160516001934
20160516003731
20160816000625
20160816000669
20160816001083
20161114000234
20161114001165
20161129000022
20161229000293
20170214000450
20170330000319
20170331004523
20170515002047
20170814000349
20171114000303
20171229000367
20180214000614
20180330000924
20180402003708
20180402004045
20180402005394
20180515000877
20180515001559
20180608000300
20181114002764
20181231000174
20190515001275
20190531002073
20190813000126
20190930000102
20191230000220
20200214001078
20200608000168
20201113000147
20210318001035
20210318001294
20210323001125
20211115001535
20220317000080
20220516000278
20220527000209
20230515002661
20230814000545
20240313000193
20240516001964
20250319000513
