20040514001509
20040622000186
20040813000618
20041112000153
20041112000304
20100629000416
20110513001523
20110513001649
20110516000849
20110516001721
20110516002051
20110516002054
20110516002331
20110516003310
20110516003330
20110516004274
20110530000581
20110530000592
20110713000085
20110713000141
20110714000275
20110803000152
20110808000043
20110812000526
20110816000349
20110816000947
20110816001521
20110816001620
20110816001672
20110816001787
20110829000144
20110829000358
20110829000580
20111111000264
20111114000020
20111114000198
20111114000200
20111114000332
20111114000352
20111114000527
20111114000568
20111114000774
20111114000787
20111114000912
20111114001222
20111129000511
20111129000564
20120214000134
20120330000048
20120330000589
20120330000702
20120330000942
20120330001081
20120330001466
20120330001742
20120330001881
20120330001968
20120330002183
20120330002216
20120330002432
20120330002561
20120330002566
20120330002873
20120330003222
20120509001530
20120514004343
20120514005442
20120515000060
20120515000196
20120515000654
20120515000925
20120515001079
20120515001194
20120515001411
20120515001523
20120515001581
20120515001609
20120515001961
20120515002031
20120518000182
20120530000062
20120530000505
20120530000790
20120530000817
20120601000212
20120619000057
20120629000348
20120705000236
20120810000540
20120814000276
20120814000463
20120814000712
20120814000947
20120814001457
20120814001546
20120814001929
20120829000237
20120829000254
20120925000126
20121009000293
20121109000309
20121114000123
20121114000128
20121114000188
20121114000515
20121114000575
20121114000590
20121114000982
20121114000985
20121114001119
20121114001171
20121114001325
20121114001613
20121114001870
20121129000499
20121129000806
20121130000071
20121228000148
20130214000137
20130304000097
20130304000141
20130329000021
20130329000046
20130329000221
20130329001718
20130329001797
20130329002139
20130329002268
20130329002718
20130401000688
20130401000723
20130401001125
20130401001400
20130401001542
20130401002266
20130401002440
20130401002614
20130503000722
20130508000797
20130508001325
20130515000822
20130515000880
20130521000252
20130528000180
20130529000241
20130530000481
20130530000484
20130530000501
20130530000502
20130530000588
20130530000631
20130530000915
20130530001018
20130530001133
20130530001144
20130530001165
20130530001217
20130530001276
20130814000227
20130814000828
20130814001156
20130814001167
20130829000317
20130829000688
20130829000745
20130829000749
20130829000870
20130829000909
20130829000966
20130829001345
20130830000903
20131114000499
20131114000811
20131114000987
20131127000488
20131128000425
20131128000596
20131128000668
20131128000817
20131128001049
20131129001068
20131129001188
20131129001570
20131129001585
20131129001599
20131230000354
20140328001653
20140331000366
20140331000594
20140331001652
20140331001797
20140331002006
20140331002599
20140331003433
20140331003725
20140513001605
20140515000447
20140515001530
20140515001842
20140519000315
20140529000087
20140529000600
20140529000627
20140530000423
20140530000841
20140530001036
20140530001038
20140530001310
20140530001447
20140530001470
20140530002023
20140618000026
20140717000223
20140717000224
20140814000831
20140827000239
20140828000640
20140829000994
20140829001146
20140829001338
20141114000778
20141114001238
20141126000045
20141127000420
20150331004637
20150512000066
20150514002556
20150515001048
20150515001125
20150515001160
20150515001354
20150515001567
20150515001636
20150515001757
20150515001814
20150515002278
20150515002412
20150515002492
20150629000397
20150813001200
20150813001432
20150817000025
20150817000443
20150817000559
20150817000960
20150817001389
20150828000393
20151113000587
20151116000093
20151116001287
20151116001321
20151116001373
20151209000128
20160330000028
20160330000274
20160330003630
20160512003409
20160513004766
20160513005099
20160516001248
20160516003354
20160516003721
20160518000066
20160812001068
20160812001157
20160816000938
20160816001283
20160816001950
20161114000261
20161114000573
20161114001279
20161114002408
20161114002446
20170331001980
20170331004029
20170331005642
20170515000392
20170515002908
20170515003057
20170515003307
20170515003404
20170515003990
20170530000562
20170811000817
20170814000395
20170814000472
20170814001020
20170814001336
20170814002053
20170814002234
20170817000008
20171109000124
20171113000205
20171114000942
20171114001661
20171114001829
20171114001891
20171114001907
20171114002258
20171114002408
20171114002662
20171114002760
20171117000381
20180328000391
20180329000405
20180329000705
20180330003603
20180330003745
20180330003880
20180402001988
20180402002798
20180402004267
20180510002967
20180511000833
20180511003381
20180511005293
20180515000050
20180515000390
20180515000572
20180515000715
20180515000877
20180515000940
20180515001099
20180515001117
20180515001262
20180515002549
20180515002601
20180515002707
20180518000002
20180625000360
20180814000065
20180814001271
20180814001342
20180814001466
20180814001523
20180814001713
20180814001991
20180814002646
20180814002744
20180814002871
20180911000187
20181112000062
20181113000405
20181114000194
20181114001142
20181114001258
20181114002106
20181115000008
20190328001576
20190401002926
20190401003679
20190429000422
20190514000042
20190515001101
20190515001174
20190515001585
20190515002504
20190515002585
20190530000030
20190814000390
20190814001170
20190814001858
20190814002044
20190814002127
20190814003003
20191113000200
20191114000104
20191114001088
20191114001526
20191114001786
20191114001923
20191114002009
20200330000162
20200330000561
20200330000618
20200330001152
20200330001508
20200330002185
20200330002326
20200330002896
20200330003137
20200330003377
20200330003783
20200330004861
20200403000194
20200512000409
20200513000204
20200515000444
20200515000527
20200515001203
20200515001326
20200515001380
20200515001494
20200515001966
20200515002045
20200515002700
20200522000480
20200609000131
20200813000491
20200813000795
20200814000337
20200814000466
20200814000757
20200814000907
20200814001074
20200814001891
20200814002019
20200814002222
20200814002682
20200814002695
20200814002798
20201112000344
20201113000191
20201113000853
20201113000960
20201116000236
20201116001200
20201116001346
20201116001651
20201116001676
20210317000269
20210317000808
20210318001035
20210319001434
20210322000191
20210322000440
20210322000709
20210322000803
20210322000882
20210323000186
20210323000495
20210323000531
20210323000804
20210402002208
20210406001324
20210426000525
20210507000032
20210510000266
20210514000706
20210517000134
20210517000252
20210517001906
20210517002112
20210813000326
20210813000783
20210817000062
20210817000236
20210817000577
20210817001044
20210817001094
20210817002296
20211112000482
20211112000771
20211112000880
20211112000907
20211115000150
20211115000755
20211115001361
20211115001457
20211221000199
20220211000449
20220308000525
20220310001194
20220314000905
20220317000080
20220317000378
20220318001108
20220321001333
20220322000460
20220322001081
20220323000876
20220331002780
20220512000825
20220516000272
20220516000734
20220516001619
20220516001734
20220516002613
20220516002662
20220518000267
20220728000286
20220808000154
20220812000698
20220816001584
20221111000945
20221111001034
20221114000527
20221114000839
20221114000848
20221114002674
20221130001600
20230315001086
20230316001414
20230316001430
20230317000679
20230321000606
20230321001171
20230323000493
20230323001008
20230323001244
20230323001562
20230512000095
20230512000168
20230515000170
20230515000569
20230515001022
20230515001141
20230515001260
20230515002032
20230515002223
20230515002453
20230526000709
20230814000194
20230814000637
20230814000698
20230814001286
20230814001503
20230814002229
20230814003058
20231110000086
20231114001046
20231114001425
20231114002487
20231114002577
20231115000343
20231117000106
20231121000082
20240313001758
20240314000201
20240314001607
20240314001787
20240318000679
20240320000805
20240320001212
20240320001364
20240320001483
20240321001045
20240326000792
20240327001182
20240513000515
20240514000220
20240516000112
20240516000546
20240516000677
20240516000737
20240516001634
20240516001965
20240516002227
20240530000553
20240813000615
20240814002136
20240814002166
20240814003708
20240814003810
20240814004134
20241029000267
20241114000314
20241114000379
20241114001761
20241114001786
20241114001966
20241114002338
20241114002398
20241114002790
20241211000091
20250312000909
20250314000497
20250317000254
20250317000376
20250317001024
20250318001210
20250318001356
20250321001988
20250324000006
20250324000082
20250324000486
20250325001098
20250409001297
20250513000167
20250514000722
20250515001360
20250515002269
20250515002382
20250708000285
20250813000419
20250813000810
20250814000735
20250814001679
20250814001735
20250814004429
20250825000343
20251110000207
20251113000813
20251114000606
20251114001278
20251114001328
20251114002432
20260317000435
20260320000320
20260320000508
20260320001269
20260323001552
20260323001571
20260323001726
20260324000547
20260514000646
20260515001822
20260518000280
20260629000485
20260805000412
20260810000179
20260814001226
20260814002235
