20150515001311
20170228001189
20170512000497
20180329000923
20180402005077
20190401004374
20190814000346
20191114000804
20210318000902
20210322000807
20210322001037
20211115000096
20211115001414
20220317000769
20220516001031
20220816000032
20230814001374
20230814001921
20240320000950
20240321002068
20240516001809
20240516002040
20240516002189
20250312001015
20250313000048
20250313000155
20250314001246
20250318001050
20250318001230
20250321001959
20250407004260
20250502000280
20250515001613
20250814002094
20250814002224
20251114001032
20251114002770
20260316000827
20260316001364
20260317000763
20260318001103
20260318001458
20260318001661
20260319001049
20260323000016
20260513000698
20260515000929
20260515002740
20260515003070
20260629000189
20260813001078
20260814000473
20260814003589
20260814003856
20260814004231
