20150213000325
20150513000170
20150513001760
20150513002106
20150514003674
20150514004122
20150515000311
20150515000898
20150515001629
20150515001722
20150515001946
20150515002400
20150601000141
20150811000249
20150811000250
20150812000302
20150813000109
20150813000526
20150813000574
20150813000836
20150813001154
20150817000372
20150817000499
20150817000552
20150817000579
20150817000587
20150817000725
20150817000730
20150817000883
20150817001052
20150817001072
20150817001116
20150817001223
20150817001270
20150817001369
20150817001715
20150930000221
20151112000306
20151113000081
20151113000084
20151113000165
20151113000281
20151113000291
20151113000408
20151113000433
20151113000528
20151113000551
20151113000636
20151113000725
20151116000052
20151116000606
20151116000746
20151116000819
20151116000896
20151116000959
20151116001058
20151116001295
20151116001340
20151116001432
20151116001546
20151116001667
20151202000162
20151207000127
20151229000377
20160328000026
20160329000250
20160329000377
20160329000670
20160329000677
20160330000102
20160330000848
20160330000933
20160330001000
20160330001094
20160330001608
20160330001673
20160330001719
20160330001802
20160330002087
20160330002324
20160330002443
20160330002569
20160330002592
20160330002679
20160330003000
20160330003643
20160330003994
20160330004198
20160330004298
20160330004577
20160331000762
20160331002124
20160415000538
20160418000276
20160511001294
20160511002263
20160512000523
20160512000717
20160512000853
20160512001888
20160512002264
20160513000251
20160513002222
20160513003434
20160513003648
20160513003850
20160516000801
20160516000807
20160516001352
20160516002602
20160516003627
20160517000286
20160525000313
20160531000993
20160805000157
20160808000073
20160808000348
20160810000496
20160811000072
20160811000305
20160812000228
20160812000301
20160812000496
20160812000570
20160812000610
20160812000735
20160812001024
20160812001069
20160812001227
20160812001231
20160812001290
20160812001457
20160816000047
20160816000170
20160816000387
20160816000727
20160816000944
20160816001059
20160816001082
20160816001181
20160816001330
20160816001407
20160816001570
20160816001998
20160816002008
20160816002095
20160829000205
20160829000211
20160901000122
20161031000187
20161101000212
20161102000163
20161107000156
20161108000324
20161110000036
20161111000060
20161111000062
20161111000462
20161111000463
20161111000506
20161111000580
20161114000045
20161114000490
20161114000496
20161114000537
20161114001002
20161114001068
20161114001281
20161114001366
20161114001657
20161114001721
20161114001753
20161114001893
20161114002044
20161114002049
20161114002061
20161114002076
20161114002087
20161114002355
20161114002465
20161114002477
20161114002592
20161129000333
20161202000205
20161208000185
20161208000207
20161221000219
20161229000532
20170329000011
20170329000142
20170330000600
20170330000750
20170330001079
20170330001536
20170330001609
20170331000250
20170331000321
20170331000398
20170331000913
20170331001440
20170331001600
20170331001618
20170331002075
20170331002144
20170331002713
20170331002991
20170331003304
20170331003485
20170331003627
20170331004281
20170331004290
20170331004416
20170331004753
20170331004870
20170331004973
20170331005079
20170331005195
20170403000017
20170404000421
20170405002498
20170512004810
20170512005736
20170515001632
20170515001958
20170515002056
20170515002168
20170515002322
20170515002373
20170515002988
20170515003110
20170515003933
20170515003962
20170515004042
20170809000189
20170810000165
20170810000167
20170811000016
20170811000259
20170811000440
20170811000469
20170811000683
20170811000821
20170811000961
20170811001150
20170811001173
20170814000248
20170814000919
20170814000982
20170814000991
20170814001102
20170814001224
20170814001348
20170814001393
20170814001395
20170814001946
20170814001967
20170814001981
20170814001985
20170814001991
20170814002395
20170814002411
20170814002449
20170818000111
20170829000193
20170829000414
20171103000070
20171108000018
20171109000015
20171109000022
20171110000236
20171110000269
20171113000358
20171113000521
20171113000684
20171113000812
20171114000068
20171114000154
20171114000321
20171114000537
20171114000564
20171114001112
20171114001281
20171114001460
20171114002169
20171114002179
20171114002217
20171114002224
20171114002360
20171114002730
20171114002798
20171117000466
20171128000374
20171229000613
20180102000106
20180222000340
20180222000350
20180329000231
20180330000522
20180330001335
20180330001573
20180330001588
20180330002035
20180330002304
20180330002797
20180330002853
20180330003210
20180330003727
20180402000931
20180402001632
20180402002506
20180402002800
20180402002889
20180402002903
20180402003595
20180402004577
20180404001245
20180430000747
20180508000123
20180511003637
20180511004716
20180514001177
20180514002859
20180514004525
20180515000191
20180515000389
20180515000626
20180515000801
20180515000846
20180515001004
20180515001222
20180515001293
20180515001328
20180515001657
20180515002006
20180515002035
20180515002147
20180515002481
20180530000568
20180612000518
20180703000048
20180809000272
20180813000507
20180813000607
20180813000768
20180814000010
20180814000070
20180814000080
20180814000136
20180814000270
20180814000315
20180814000452
20180814000767
20180814000815
20180814001137
20180814001158
20180814001401
20180814001520
20180814001804
20180814001812
20180814001836
20180814001863
20180814001946
20180814002067
20180814002127
20180814002217
20180814002280
20180814002319
20180814002331
20180814002566
20180814002717
20180814002887
20180829000589
20181107000097
20181107000224
20181108000301
20181108000387
20181109000205
20181113000297
20181113000570
20181113000589
20181113000659
20181114000451
20181114000614
20181114000630
20181114001040
20181114001044
20181114001083
20181114001173
20181114001262
20181114001333
20181114001427
20181114001526
20181114001573
20181114001594
20181114001788
20181114001841
20181114002042
20181114002198
20181114002280
20181114002500
20181114002912
20181129000692
20181206000017
20190314000275
20190322000052
20190329000996
20190329002251
20190329002468
20190329002635
20190329002936
20190329003610
20190329004058
20190329004116
20190329004131
20190401000018
20190401000315
20190401000391
20190401001001
20190401002860
20190401002919
20190401003086
20190401003159
20190401003424
20190401003649
20190401004294
20190401004563
20190401004839
20190401004897
20190401004944
20190401004993
20190401005218
20190401005233
20190408002008
20190408003159
20190513000055
20190513000062
20190514000094
20190514000901
20190514001153
20190515000119
20190515000304
20190515000336
20190515000697
20190515000911
20190515001345
20190515001357
20190515001630
20190515001932
20190515002054
20190515002546
20190515002678
20190530000724
20190621000378
20190701000179
20190812000266
20190812000278
20190813000056
20190813000100
20190813000116
20190813000131
20190813000169
20190813000275
20190813000638
20190813000647
20190814000044
20190814000513
20190814000674
20190814000681
20190814000832
20190814000999
20190814001095
20190814001129
20190814001263
20190814001368
20190814001522
20190814001608
20190814001637
20190814001803
20190814001830
20190814001955
20190814002213
20190814002253
20190814002263
20190814002302
20190814002412
20190814002502
20190814002578
20190814002619
20190814002858
20190814002907
20190814002953
20190814002972
20190828000709
20190829000461
20190909000975
20191024000043
20191025000117
20191101000415
20191104000164
20191105000275
20191107000097
20191111000059
20191112000034
20191113000014
20191113000040
20191113000067
20191113000082
20191113000357
20191113000463
20191114000713
20191114000728
20191114001010
20191114001070
20191114001223
20191114001243
20191114001353
20191114001438
20191114001624
20191114001640
20191114001656
20191114001670
20191114001717
20191114002032
20191114002065
20191114002389
20191114002487
20191114002540
20191114002559
20191114002708
20191114002754
20191127000646
20191129000890
20200214000596
20200326000104
20200326000781
20200327000858
20200327000925
20200327001117
20200327001942
20200330000184
20200330000451
20200330001000
20200330001047
20200330001408
20200330001986
20200330002064
20200330002108
20200330002182
20200330002209
20200330002431
20200330002450
20200330002821
20200330003034
20200330003365
20200330003383
20200330003608
20200330003627
20200330003636
20200330003823
20200330003976
20200330004207
20200330004320
20200330004356
20200330004613
20200330004823
20200331001264
20200508000887
20200514000417
20200514000490
20200515000068
20200515000143
20200515000329
20200515000820
20200515000942
20200515001046
20200515001205
20200515001270
20200515001546
20200515002592
20200522000550
20200527000353
20200529000442
20200602000228
20200623000105
20200805000070
20200807000225
20200807000255
20200810000138
20200810000143
20200810000154
20200812000133
20200812000143
20200812000149
20200812000157
20200813000621
20200814000005
20200814000028
20200814000082
20200814000160
20200814000214
20200814000427
20200814000592
20200814000791
20200814000924
20200814000951
20200814001145
20200814001152
20200814001250
20200814001301
20200814001377
20200814001425
20200814001446
20200814001468
20200814001725
20200814001745
20200814001816
20200814002146
20200814002207
20200814002324
20200814002401
20200814002436
20200814002464
20200814002594
20200814002815
20200814002847
20200819000164
20200825000385
20200828000946
20200831000389
20200831000734
20200831000852
20200831001002
20200831001170
20200904000075
20200904000078
20201012000035
20201028000152
20201028000177
20201028000245
20201028000387
20201029000142
20201029000170
20201105000139
20201111000003
20201111000038
20201112000196
20201112000302
20201112000310
20201113000018
20201113000026
20201113000027
20201113000153
20201113000500
20201113000604
20201113000693
20201113000762
20201113000786
20201113000885
20201116000161
20201116000203
20201116000696
20201116000775
20201116000811
20201116000938
20201116000946
20201116001000
20201116001016
20201116001084
20201116001163
20201116001269
20201116001442
20201116001779
20201116001780
20201116001781
20201116001792
20201116001817
20201116002110
20201116002143
20201119000186
20201130000727
20201130000741
20201130000992
20201208000451
20210210000714
20210218001072
20210218001076
20210303000348
20210303000351
20210308000637
20210311000533
20210312000964
20210316000030
20210316000227
20210316000437
20210316000835
20210316001108
20210316001190
20210317000233
20210317000465
20210317000682
20210317000884
20210317000985
20210318000514
20210318000564
20210318000778
20210318001190
20210319000189
20210319000481
20210319000854
20210319001097
20210319001156
20210319001221
20210319001395
20210322000251
20210322000488
20210322000489
20210322000896
20210322001018
20210323000602
20210323000802
20210323001166
20210323001167
20210324000335
20210324000802
20210325000865
20210331001781
20210331001852
20210331003104
20210402002317
20210419000262
20210429000183
20210503000454
20210513000697
20210513000710
20210513000830
20210514000844
20210514001151
20210514001257
20210514001527
20210514001691
20210517000207
20210517000361
20210517000419
20210517000607
20210517000802
20210517000844
20210517001032
20210521000175
20210528000234
20210603000195
20210616000296
20210805000250
20210810000112
20210811000104
20210811000255
20210812000180
20210813000137
20210813000214
20210813000524
20210813000543
20210813000655
20210813000826
20210813000982
20210813001193
20210813001209
20210813001218
20210817000005
20210817000012
20210817000042
20210817000369
20210817000393
20210817000449
20210817000586
20210817000878
20210817001026
20210817001070
20210817001152
20210817001161
20210817001229
20210817001331
20210817001568
20210817001605
20210817001655
20210817001703
20210817001733
20210817001966
20210817001975
20210817002038
20210817002048
20210817002076
20210824000168
20210910000554
20211109000073
20211110000232
20211110000248
20211112000005
20211112000081
20211112000288
20211112000319
20211112000320
20211112000496
20211112000554
20211112000716
20211112000766
20211112001072
20211112001098
20211112001105
20211112001148
20211115000026
20211115000046
20211115000055
20211115000156
20211115000219
20211115000274
20211115000296
20211115000395
20211115000400
20211115000416
20211115000544
20211115000661
20211115000772
20211115001052
20211115001108
20211115001110
20211115001175
20211115001256
20211115001561
20211115001578
20211115001660
20211115001925
20211115002109
20211115002250
20211115002491
20211118000060
20211130001707
20220308000831
20220315000644
20220315001266
20220315001278
20220315001279
20220315001280
20220316000864
20220316001321
20220316001411
20220316001424
20220317000437
20220317000917
20220317000941
20220317001133
20220317001166
20220318000775
20220321000360
20220321000575
20220321000832
20220321000917
20220322000701
20220322000825
20220322000963
20220322001108
20220322001150
20220323000337
20220323000614
20220323000677
20220323000713
20220323001071
20220323001364
20220324000531
20220330000689
20220331002884
20220331003640
20220405002309
20220506000539
20220511000715
20220512000666
20220513001283
20220516000014
20220516000316
20220516000498
20220516001012
20220516001185
20220516001324
20220516001376
20220516001791
20220516001947
20220516002047
20220516002092
20220516002162
20220516002297
20220516002699
20220524000362
20220616000321
20220712000285
20220802000162
20220812000240
20220812000301
20220812000394
20220812001034
20220812001057
20220812001075
20220812001136
20220812001193
20220812001227
20220812001342
20220816000020
20220816000143
20220816000158
20220816000750
20220816000888
20220816001032
20220816001038
20220816001084
20220816001160
20220816001177
20220816001386
20220816001814
20220816001859
20220816001869
20220816001975
20220816002197
20220816002199
20220816002246
20220816002276
20220816002381
20220816002605
20220816002640
20220822000430
20220829000416
20220901000107
20220929000447
20221108000300
20221110000182
20221111000294
20221111000346
20221111000698
20221111000847
20221111001051
20221114000313
20221114000392
20221114000917
20221114000937
20221114000960
20221114000971
20221114001215
20221114001452
20221114001480
20221114001694
20221114001739
20221114001810
20221114001926
20221114002149
20221114002151
20221114002270
20221114002278
20221114002543
20221114002713
20221114002740
20221114002798
20221114002803
20221129001078
20221214000337
20230306000065
20230308000723
20230314000094
20230314001069
20230314001258
20230315000894
20230315000964
20230315000997
20230315001270
20230315001294
20230315001327
20230317000875
20230317000968
20230320000562
20230320000702
20230321000957
20230321001192
20230321001298
20230321001310
20230321001377
20230321001508
20230321001553
20230322000490
20230322000729
20230323000423
20230323000476
20230323000659
20230323001116
20230323001273
20230323001329
20230323001499
20230323001568
20230324000127
20230329001303
20230331000745
20230331001546
20230331004072
20230407002827
20230407003542
20230504000024
20230512000185
20230512000241
20230512000507
20230512000825
20230512000995
20230515000381
20230515001425
20230515001788
20230515001900
20230515001974
20230515002006
20230515002303
20230515002337
20230515002650
20230516000196
20230530000598
20230712000282
20230720000408
20230807000346
20230809000554
20230811001341
20230811001523
20230811001563
20230811001853
20230811002003
20230811002538
20230814000345
20230814000526
20230814000943
20230814001064
20230814001086
20230814001400
20230814001541
20230814001705
20230814001786
20230814001800
20230814001875
20230814001938
20230814002054
20230814002071
20230814002185
20230814002243
20230814002252
20230814002285
20230814002357
20230814002567
20230814002670
20230814002864
20230814003061
20230814003076
20230814003156
20230816000288
20230817000028
20230831001245
20231107000196
20231107000254
20231109000085
20231110000621
20231113000291
20231113000470
20231114000337
20231114000438
20231114000455
20231114000759
20231114000952
20231114001572
20231114001705
20231114001741
20231114002426
20231114002657
20231114002663
20231114002724
20231114003042
20231115000283
20240126000503
20240126000506
20240126000508
20240313001034
20240314000515
20240314001147
20240315000742
20240318000872
20240320000732
20240320001070
20240320001355
20240320001377
20240320001447
20240320001649
20240320002016
20240321001086
20240321001309
20240321001345
20240321001582
20240321001979
20240322000131
20240328001879
20240419000596
20240510000989
20240513000379
20240513000631
20240514000317
20240514001062
20240514001100
20240514001142
20240514001429
20240514001438
20240514001585
20240516000090
20240516000333
20240516000363
20240516000438
20240516000501
20240516001099
20240516001227
20240516001233
20240516001270
20240516001353
20240516001411
20240516001465
20240516001495
20240516001629
20240516001712
20240516001752
20240517000189
20240618000427
20240726000366
20240813000398
20240813001307
20240814001279
20240814001673
20240814002355
20240814003000
20240814003008
20240814003110
20240814003271
20240814003289
20240814003416
20240814003606
20240814003637
20240814003652
20240814003711
20240814003758
20240814003817
20240814003966
20240814003991
20240814004171
20240814004369
20241113000242
20241114000397
20241114000452
20241114000556
20241114000918
20241114001266
20241114001359
20241114001395
20241114001550
20241114001573
20241114001859
20241114001910
20241114002106
20241114002160
20241114002522
20250214001282
20250313001257
20250317000498
20250317000694
20250318001109
20250318001321
20250318001331
20250318001376
20250319001113
20250320000826
20250320000850
20250320000900
20250320000971
20250320001144
20250321001174
20250321001315
20250321001386
20250321001550
20250321001900
20250326000042
20250328000556
20250331001539
20250331001925
20250331003863
20250331004364
20250415000521
20250513000527
20250513000611
20250513000660
20250514000229
20250514000297
20250514000693
20250514000846
20250514001039
20250514001049
20250515000082
20250515000548
20250515000632
20250515000693
20250515000943
20250515001225
20250515001509
20250515001675
20250515001990
20250515002071
20250515002096
20250515002133
20250515002521
20250515002671
20250515002755
20250515002802
20250515002812
20250515002880
20250523000505
20250811000389
20250813000705
20250813001451
20250813001586
20250813001634
20250814000284
20250814000911
20250814000979
20250814001334
20250814001520
20250814001524
20250814001689
20250814001738
20250814001803
20250814002315
20250814002517
20250814002613
20250814002657
20250814002807
20250814003171
20250814003174
20250814003274
20250814003431
20250814003822
20250814004135
20250814004226
20250814004229
20251112000375
20251112000405
20251113000685
20251113000782
20251113000867
20251114000386
20251114000678
20251114000801
20251114000854
20251114000918
20251114000947
20251114001033
20251114001636
20251114001672
20251114001797
20251114001867
20251114001899
20251114002076
20251114002114
20251114002236
20251114002399
20251114002418
20251114002660
20251114002675
20251114002785
20251114002855
20251120000429
20260213002114
20260316000883
20260316001214
20260318000717
20260318000728
20260318000795
20260318000937
20260318001145
20260318001224
20260318001328
20260318001575
20260319001300
20260320000650
20260323000905
20260323001194
20260323001335
20260323001523
20260323001706
20260323001716
20260324000091
20260330001188
20260407002515
20260415000503
20260507000504
20260508000291
20260512000129
20260512000561
20260514000062
20260514000115
20260514000352
20260514000385
20260515000210
20260515000505
20260515000862
20260515000864
20260515000963
20260515001026
20260515001084
20260515001124
20260515001328
20260515001402
20260515001501
20260515001624
20260515001709
20260515001963
20260515002072
20260515002141
20260515002955
20260529002315
20260708000255
20260731000292
20260807000168
20260812000298
20260813000727
20260814000004
20260814000447
20260814000510
20260814001600
20260814001631
20260814001647
20260814002279
20260814002359
20260814002772
20260814002799
20260814002966
20260814003039
20260814003212
20260814003255
20260814003333
20260814003406
20260814003499
20260814003825
20260901000001
