20030808000157
20040330002372
20040507000902
20040607000130
20071113000281
20071114000140
20080331001367
20080331001527
20080331002669
20080430000782
20080508001584
20081114000568
20090514002912
20090515001249
20090515002135
20090814001254
20091116000509
20100331000093
20100331000530
20100816000745
20110330001319
20110331000013
20110331000863
20110331002175
20110511002020
20110516002888
20110516003075
20110516004268
20110530000431
20110629000029
20110816000946
20111114000708
20111129000185
20111130000022
20120329000202
20120330000810
20120330000866
20120330000971
20120330001523
20120330002831
20120515000597
20120515001076
20120515001254
20120515001425
20120515001475
20120515001623
20120515001714
20120515002127
20120515002148
20120619000046
20120814000037
20120814000128
20120814000357
20120814001238
20121114000476
20121114001148
20121114001169
20121114001201
20121114001362
20121114001958
20121129000993
20130327000488
20130329000374
20130401000871
20130401001229
20130401002321
20130401002363
20130506000474
20130516000207
20130530000547
20130530000855
20130530001092
20130813000392
20130814001558
20130828000076
20130828000449
20130829000556
20131114000779
20131125000110
20131127000245
20131128000870
20131128000926
20131129000985
20131129001321
20131213000145
20140303000386
20140307000480
20140327000100
20140331003342
20140331003368
20140331003554
20140512001664
20140515000539
20140515001008
20140529000529
20140530000288
20140530000971
20140814000287
20140828000557
20140829000772
20140829002188
20140829002190
20141027000675
20141114000362
20141127000674
20141201000259
20141203000272
20150331002012
20150515000930
20150515001275
20150515001580
20150812000003
20150817000965
20150817001231
20151111000039
20151113000535
20151116000732
20151116001077
20151116001107
20151116001373
20151209000128
20160329000439
20160329001067
20160330001987
20160330003596
20160512000109
20160516002381
20160812000368
20161111000087
20161111000179
20161111000703
20161114001267
20161114001954
20170512004723
20170512006122
20170515002649
20170515003583
20170814000694
20170814001487
20170814002394
20171113000167
20171114000413
20171114000972
20171114001301
20180328000112
20180329001147
20180330001576
20180330002552
20180330003176
20180330003631
20180402003714
20180515001214
20180515001456
20180515001696
20180515002047
20180523000091
20180608000537
20180612000051
20180814001281
20181114000026
20181114000594
20181114001114
20190327001563
20190329002847
20190401001033
20190401002306
20190408003181
20190515000902
20190515001926
20190814000625
20190814001262
20190814001980
20190814002202
20191114000207
20200311000388
20200325000661
20200327001431
20200330000517
20200330003172
20200330003180
20200330003364
20200330004780
20200515000838
20200515001033
20200515001320
20200515001530
20200626000382
20210219001350
20210316001240
20210317000566
20210318000833
20210319001126
20210319001201
20210319001233
20210324000144
20210513000419
20210517000270
20210517001484
20210806000361
20210811000413
20210813000965
20210817000251
20210817000971
20211115000038
20211115001374
20211115001613
20220315000744
20220322000096
20220322000594
20220513000944
20220516000137
20220516000239
20220516000666
20220516002677
20220524000172
20220812000435
20220816000883
20220816000906
20220816002014
20220816002256
20221114002183
20221114002394
20221129001148
20230309000498
20230317000751
20230321000809
20230323001546
20230324000010
20230324000049
20230515000487
20230515001534
20230712000322
20230811000737
20230814001518
20231114000035
20231114000482
20231114000673
20231114001445
20240312000745
20240318000711
20240320001491
20240320001574
20240320002028
20240321000882
20240321000907
20240321001985
20240325000002
20240408003770
20240424000461
20240514000867
20240516000923
20240516001250
20240516001500
20240719000309
20240813001295
20240814003721
20240814004300
20241025000554
20250109000195
20250318000339
20250318001385
20250318001416
20250318001437
20250319000086
20250321001701
20250324000878
20250327001024
20250331004264
20250514000199
20250515001443
20250813000912
20250814002023
20251113000141
20251114001167
20251114001474
20251114002436
20260312001418
20260313000218
20260316000918
20260318001476
20260319000587
20260323001475
20260324000162
20260514001394
20260514001401
20260515000468
20260515001374
20260813000001
