20200514000844
20200812000335
20200814001246
20201116001737
20210318000182
20171114000394
20171114001212
20180330000270
20190329004158
20170330000060
20170331002472
20170331004291
20170512004425
20190401003337
20190515001330
20190814000872
20200330000618
20200330002576
20160330000713
20160511000354
20160513005341
20160811000042
20161114000089
20170515001074
20170515002626
20170515003966
20170602000217
20170814000857
20171110000053
20171110000084
20140527000364
20140829000798
20140902000018
20150330000590
20150515002063
20150515002332
20130329002490
20130401000742
20130401001150
20131128000845
20220321001411
20220323000703
20220323000869
20220323001201
20220328000784
20220329000006
20220516002241
20260515003009
20230814001987
20231114002773
20240320000787
20240320002025
20240320002053
20240321000860
20210514000120
20210517001196
20211115002406
20220318000122
20220318000277
20220712000343
20220812000274
20220829000212
20221114000146
20230321001166
20230322000839
20230329001492
20230515001258
20230515002827
20230811000737
20230814001408
20240514000672
20240516001084
20240516001207
20240516001216
20240516001297
20240516001466
20240517000099
20240522000120
20240813001487
20240814002910
20241114002061
20250318000973
20250321000291
20250328001704
20250514001240
20250814002563
20250814003122
20260513000356
20260514000038
20260515002429
20260515002735
