20030329000282
20040326000720
20040514000297
20040520000055
20050513002267
20051114001636
20060515001983
20060515002630
20060814001433
20060901000255
20061114001650
20070330001503
20070814000987
20071114000983
20080327000435
20080331002278
20080331003153
20080515001900
20080814001287
20081114001600
20110513004474
20110516002432
20110516003437
20110812000430
20110816000349
20110816001642
20111114000200
20111114000332
20111114000352
20120330000048
20120330000942
20120330001350
20120515000903
20120515001079
20120814000908
20121005000214
20121114000128
20121114001524
20121228000148
20130329002794
20130515001326
20130529000378
20130530000566
20130530000837
20140331002955
20140515001536
20140530000083
