20120515000654
20130528000180
20130530000481
20130530001130
20130829000688
20130829000909
20131114000987
20131128000817
20131129001448
20131202000348
20140530001447
20140717000223
20150817000858
20150817001389
20151116000458
20151116000598
20151116001701
20161114001639
20171114000876
20171114000961
20171114001482
20171114001636
20180402004293
20180405000065
20180515001199
20180814003054
20190514000387
20190515001174
20190515002585
20190813000326
20190814000290
20200814002352
20210813000041
20210817001094
20220516001619
20220516002662
20221114000839
20230814002233
20240405000748
