20070814000987
20071114000983
20080331002278
20080515001900
20080814001287
20080814002063
20081114001600
20101115000906
20110516003330
20110530000057
20110816000164
20110822000054
20110826000136
20111111000540
20111128000101
20120329000570
20120330000102
20120330000287
20120330002956
20120330003195
20120511002158
20120515000170
20120515000521
20120515000650
20120515000925
20120515001099
20120515001310
20120515001581
20120515001681
20120525000197
20120530000097
20120531001507
20120619000057
20120810000328
20120814000006
20120814000233
20120814000417
20120814001315
20120814001512
20120814001711
20120822000018
20120824000132
20121106000072
20121107000103
20121109000309
20121114000057
20121114001171
20121114001609
20121114001688
20121114001740
20121127000116
20130325000149
20130401001733
20130401002440
20130401002632
20130401003205
20130412000786
20130506000330
20130508001325
20130510001183
20130515001359
20130515001496
20130522000232
20130528000306
20130529000247
20130529000316
20130530000619
20130530000631
20130530000641
20130530000660
20130530000883
20130530000941
20130530000989
20130530001018
20130814001156
20130814001576
20130822000223
20130828000245
20130828000383
20130829001144
20130829001613
20130829001639
20131122000352
20131127000125
20131128000851
20131128000880
20131128000925
20131129000596
20131202000432
20140314000524
20140327000751
20140327000887
20140328000861
20140331002599
20140331002955
20140331003472
20140422000454
20140513003825
20140514004763
20140515000137
20140515000458
20140515000768
20140515000827
20140515001442
20140516000168
20140520000180
20140522000117
20140529000600
20140530000189
20140530000423
20140530001038
20140530001617
20140530002023
20140602000409
20140813000023
20140814000171
20140814000289
20140814000481
20140814000812
20140814000992
20140814001230
20140814001306
20140827000239
20140828000175
20140828000640
20140829000556
20140829001261
20140829001338
20140829001667
20140829001978
20141110000094
20141112000366
20141114000583
20141114000587
20141114000861
20141114001582
20141118000026
20141125000086
20141127000420
20141128000045
20141128001197
20141201000733
20150216000284
20150330000759
20150330001393
20150331001576
20150331001914
20150331002415
20150331002675
20150331003419
20150331003996
20150514002283
20150514002556
20150514002733
20150514003650
20150514003699
20150514004898
20150515001125
20150515001151
20150515001354
20150515001757
20150515002412
20150515002552
20150519000214
20150529001457
20150807000060
20150813000027
20150813000113
20150813000732
20150813000880
20150813001200
20150813001284
20150813001487
20150817000245
20150817000623
20150828000393
20151030000341
20151111000104
20151112000060
20151112000362
20151113000188
20151113000294
20151113000583
20151113000587
20151116000607
20160329000263
20160329000336
20160330000274
20160330000801
20160330001083
20160330001929
20160330002244
20160330002553
20160330003469
20160512002583
20160512003409
20160513004200
20160516000923
20160516001248
20160516001453
20160516001856
20160516001913
20160516002087
20160516002591
20160516002707
20160516002959
20160516003091
20160516003395
20160518000066
20160812000332
20160812000373
20160812000376
20160812000992
20160816000041
20160816000740
20160816000905
20160816000938
20160816001858
20160816001950
20161028000373
20161111000231
20161114000046
20161114001279
20161114001546
20161114001716
20161114001813
20161115000092
20170214000469
20170330000858
20170330001722
20170512002615
20170512005399
20170512005649
20170512006046
20170515001840
20170515002047
20170515002973
20170515003057
20170515004025
20170515004524
20170526000084
20170811000987
20170814000472
20170814000545
20170814000575
20170814000818
20170814001020
20170814001175
20170814002234
20171113000686
20171114000602
20171114000630
20171114000685
20171114001272
20171114001307
20171114001348
20171114001496
20171114001725
20171114001730
20171114001868
20171114002408
20171114002654
20171114002720
20180214000614
20180323000752
20180328000391
20180329000705
20180330003071
20180330003745
20180330003880
20180402000974
20180402001988
20180402002798
20180402002876
20180402003361
20180402004086
20180402005394
20180402005428
20180514003418
20180515001099
20180515001259
20180515001295
20180515001310
20180515001487
20180515001559
20180515001749
20180515001780
20180515002549
20180515002601
20180515002719
20180608000564
20180810000374
20180814000134
20180814000422
20180814000835
20180814000957
20180814001122
20180814001342
20180814001470
20180814001523
20180814001713
20180814001895
20180814001924
20180814001991
20180814002229
20180814002360
20180814002414
20180814002646
20180814002748
20180814003008
20180814003056
20180828000201
20181113000696
20181114000194
20181114000733
20181114000824
20181114000986
20181114001142
20181114001204
20181114001258
20181114001272
20181114001791
20181114002106
20181114002346
20181114002687
20181114002729
20181114002845
20190328000299
20190328001588
20190329003696
20190401001880
20190401001976
20190401002497
20190401003180
20190401003450
20190401003679
20190401003759
20190401003767
20190401004194
20190401004817
20190415001062
20190508000036
20190510000784
20190513000467
20190514000433
20190514000629
20190514000792
20190514001024
20190515000085
20190515000090
20190515000300
20190515000764
20190515001411
20190515001451
20190515001482
20190515001517
20190515001598
20190515001621
20190515001776
20190515001799
20190515001900
20190515001935
20190515001954
20190515002017
20190515002124
20190515002161
20190515002166
20190515002259
20190515002416
20190515002504
20190515002591
20190527000346
20190719000452
20190813000400
20190814000031
20190814000045
20190814000266
20190814000571
20190814000743
20190814000842
20190814001201
20190814001231
20190814001329
20190814001446
20190814001521
20190814001639
20190814001713
20190814001792
20191113000501
20191113000704
20191114000104
20191114000536
20191114000603
20191114000605
20191114000658
20191114001240
20191114001315
20191114001491
20191114001533
20191114001923
20191114002009
20191114002320
20191114002581
20191115000308
20191211000390
20191224000384
20200326000559
20200330000496
20200330000618
20200330000693
20200330000845
20200330002097
20200330002412
20200330003467
20200330003498
20200330003783
20200429000870
20200512000405
20200513000087
20200514000038
20200514000969
20200514001078
20200515000280
20200515000282
20200515000403
20200515000772
20200515000912
20200515001038
20200515001130
20200515001333
20200515001450
20200515001468
20200515001489
20200515001494
20200515001617
20200515001787
20200515001966
20200515002023
20200515002045
20200515002309
20200515002369
20200515002625
20200515002671
20200515002680
20200515002700
20200522000480
20200525000266
20200812000238
20200813000087
20200813000586
20200814000024
20200814000269
20200814000939
20200814001029
20200814001074
20200814001174
20200814001234
20200814001240
20200814001264
20200814001279
20200814001536
20200814001660
20200814001999
20200814002019
20200814002395
20200814002733
20200814002840
20200908000287
20201112000344
20201113000036
20201113000203
20201113000520
20201116000080
20201116000436
20201116000543
20201116000682
20201116000941
20201116001200
20201116001287
20201116001346
20201116001418
20201116001432
20201116001475
20201116001582
20201116001651
20201116001676
20201116002035
20201117000004
20201117000238
20201130001116
20210224003918
20210316000446
20210317000149
20210317000780
20210317001156
20210318001314
20210319000299
20210322000802
20210322000882
20210323000495
20210323000531
20210323000744
20210323000976
20210330000569
20210413001957
20210503000429
20210512000567
20210514000102
20210514000385
20210514000472
20210514000706
20210514000859
20210514001108
20210514001123
20210514001153
20210514001346
20210514001382
20210517000134
20210517000391
20210517000503
20210517000581
20210517000991
20210517001001
20210517001084
20210517001094
20210517001125
20210517001172
20210517001506
20210517001520
20210517001835
20210517001925
20210517002008
20210527000361
20210608000450
20210813000788
20210813000810
20210813000897
20210813001057
20210813001127
20210813001131
20210817000129
20210817000666
20210817000972
20210817001436
20210817001437
20210817001907
20210817001926
20210817001973
20210817002121
20210817002252
20210817002296
20211109000157
20211112000482
20211112000828
20211112000880
20211112000902
20211112000907
20211112001003
20211112001089
20211112001193
20211115000191
20211115000517
20211115000712
20211115001028
20211115001048
20211115001085
20211115001361
20211115001400
20211115001438
20211115001659
20211115002058
20220310001194
20220318000314
20220318000351
20220318000722
20220321001078
20220321001391
20220322000223
20220322001081
20220322001084
20220330000339
20220511000710
20220513000006
20220513001169
20220516000099
20220516000167
20220516000213
20220516000247
20220516000272
20220516000370
20220516000424
20220516000540
20220516000619
20220516000740
20220516000771
20220516001078
20220516001171
20220516001306
20220516001429
20220516001524
20220516001734
20220516002280
20220516002281
20220516002293
20220516002400
20220516002589
20220517000122
20220609000583
20220713000089
20220720000259
20220812000471
20220812000571
20220812000698
20220812001251
20220816000231
20220816000579
20220816000725
20220816001192
20220816001409
20220816001584
20220816001890
20220816002430
20220816002512
20220816002546
20220816002621
20220923000280
20221109000280
20221111000043
20221111000858
20221111000945
20221111001034
20221114000015
20221114000129
20221114000325
20221114000393
20221114000527
20221114000530
20221114000848
20221114000859
20221114001076
20221114001119
20221114001393
20221114001631
20221114001981
20221114002035
20221114002040
20221114002059
20221115000217
20230214000585
20230315000548
20230320000621
20230320000638
20230321001171
20230321001405
20230322000815
20230322001319
20230323001008
20230323001244
20230330000800
20230512000086
20230512000329
20230512001376
20230515000033
20230515000170
20230515000179
20230515000544
20230515000603
20230515000627
20230515000902
20230515001167
20230515001260
20230515001552
20230515001717
20230515001732
20230515002042
20230515002453
20230515002455
20230515002746
20230515002793
20230518000137
20230720000028
20230720000086
20230731000251
20230811000544
20230811001448
20230814000194
20230814000615
20230814001503
20230814001729
20230814002229
20230814002691
20230814003058
20230818000330
20230825000305
20231113000209
20231113000732
20231114000010
20231114000479
20231114001006
20231114001046
20231114001222
20231114001908
20231114002049
20231114002487
20231114002705
20231114002745
20231115000343
20231117000106
20240314001752
20240318000836
20240320000743
20240320000805
20240320000993
20240320001594
20240327001182
20240510000818
20240513000771
20240514000847
20240514000995
20240514001031
20240514001083
20240514001122
20240514001321
20240514001431
20240514001623
20240514001670
20240516000542
20240516001002
20240516001077
20240516001484
20240516001513
20240516001634
20240517000081
20240813001193
20240813001468
20240814001260
20240814002063
20240814002136
20240814002201
20240814003447
20240814004235
20241025000556
20241114000682
20241114001372
20241114001761
20241114001967
20241114002113
20241114002701
20241114002962
20241211000091
20250314000497
20250317000254
20250318001056
20250320001159
20250321001661
20250324000004
20250324000006
20250324000082
20250331002328
20250409001297
20250514000832
20250515000242
20250515000501
20250515000502
20250515000758
20250515000774
20250515001060
20250515001275
20250515001415
20250515001883
20250515001929
20250515002431
20250515002454
20250515002703
20250515002866
20250530002768
20250708000285
20250813000419
20250814000735
20250814001264
20250814002452
20250814003051
20250814003082
20250814003271
20250814003590
20250814003901
20250825000343
20251110000207
20251113000813
20251114000564
20251114000891
20251114001673
20251114002595
20251114002714
20251114002811
20251114003035
20260312000851
20260313001395
20260317000435
20260317000585
20260318001409
20260318001692
20260319001002
20260320000320
20260320000879
20260323001552
20260323001571
20260324000547
20260513000356
20260514000637
20260514001082
20260515000141
20260515000579
20260515000588
20260515000601
20260515001405
20260515002227
20260515002544
20260515002549
20260515002694
20260515002973
20260629000485
20260805000412
20260813000508
20260814000287
20260826000735
20260826000801
