20030814000665
20071114001157
20080331002628
20080514003237
20080515001775
20090330000851
20090331001671
20090408001431
20090515000749
20100331000896
20100517001097
20100813000236
20110330001261
20110331000782
20110331003072
20110513003552
20110516001245
20110516002509
20110516003330
20110516003628
20110516003912
20110516004038
20110523000211
20110530000927
20110812000430
20110812000526
20110816000278
20110816000349
20111114000053
20111114000092
20111114000200
20111114000332
20111114000351
20111114000352
20111114000913
20111114001125
20111114001222
20111114001267
20111114001830
20111129000998
20120112000180
20120214000134
20120326000114
20120330000048
20120330000825
20120330000942
20120330002836
20120330003195
20120330003275
20120403001621
20120420000019
20120515000076
20120515000170
20120515000445
20120515000650
20120515000654
20120515000655
20120515000899
20120515001079
20120515001235
20120515001455
20120515001581
20120515001681
20120515002006
20120530000062
20120530000233
20120814000006
20120814000089
20120814000173
20120814000274
20120814000451
20120814000463
20120814000712
20120814001336
20120814001579
20120814001904
20120829000454
20121008000026
20121009000253
20121109000309
20121112000137
20121113000226
20121114000123
20121114000128
20121114000133
20121114000180
20121114000188
20121114000448
20121114000982
20121114001304
20121114001325
20121114001503
20121114001583
20121114001616
20121114001722
20121114001870
20121129001041
20121228000148
20130214000137
20130328000832
20130329000839
20130329001403
20130329002617
20130401000327
20130401000688
20130401001115
20130401001501
20130401003205
20130412000786
20130514001646
20130515000686
20130515000869
20130515001242
20130515001413
20130515001496
20130521000252
20130522000094
20130522000232
20130528000180
20130528000306
20130529000247
20130530000501
20130530000502
20130530000518
20130530000566
20130530000641
20130530000744
20130530000837
20130530000844
20130530001018
20130530001133
20130530001154
20130530001326
20130604000074
20130814000998
20130814001156
20130829000909
20130829001299
20130829001345
20130829001383
20130829001613
20131111000012
20131114000449
20131114000682
20131114000987
20131127000188
20131127000488
20131129000463
20131129001068
20131129001780
20140314000524
20140328000007
20140331002484
20140331002599
20140331002955
20140331003433
20140514004763
20140515000458
20140515000761
20140515000827
20140515001274
20140515001442
20140515001585
20140515001842
20140515001873
20140516000168
20140519000218
20140520000180
20140529000228
20140529000600
20140530000081
20140530000423
20140530001034
20140530001060
20140530001107
20140530001229
20140530001348
20140530001447
20140530001819
20140717000223
20140814000037
20140814000171
20140814000289
20140814000812
20140814000914
20140814000992
20140814001230
20140822000414
20140828000189
20140828000640
20140828000692
20140828000693
20140829000958
20140829001090
20140829001261
20140829001338
20140829001551
20140829001667
20140829001759
20140829001871
20141111000087
20141114000151
20141114000262
20141114000587
20141114001263
20141114001582
20141127000291
20141127000344
20141127000420
20141128001332
20141201000695
20141201000923
20141202000036
20150330000965
20150331002137
20150331003130
20150331004337
20150513003796
20150514002222
20150514002556
20150514002733
20150514004105
20150514004181
20150514004621
20150515000570
20150515000586
20150515001071
20150515001125
20150515001160
20150515001281
20150515001324
20150515001354
20150515001636
20150515001757
20150515001778
20150515001814
20150515001996
20150515002077
20150515002278
20150515002321
20150515002412
20150515002442
20150515002492
20150601000811
20150812000439
20150813000880
20150813001200
20150813001284
20150813001405
20150817000025
20150817000245
20150817000249
20150817000320
20150817000443
20150817000559
20150817000901
20150817000960
20150817001363
20150817001389
20151103000191
20151111000258
20151112000027
20151112000183
20151113000065
20151113000294
20151113000583
20151113000683
20151116000089
20151116000093
20151116000277
20151116000314
20151116000344
20151116000458
20151116000532
20151116000552
20151116000598
20151116000726
20151116000813
20151116001132
20151116001180
20151116001464
20151127000694
20151127000772
20151127000841
20160330000028
20160330000554
20160330000915
20160330001018
20160330001030
20160330001061
20160330002313
20160330002325
20160330002441
20160330002553
20160330002626
20160330002968
20160330004244
20160511000195
20160511002043
20160512003440
20160513002113
20160513002771
20160513003758
20160513004269
20160513004905
20160513005099
20160516001185
20160516001901
20160516001913
20160516001988
20160516002040
20160516002099
20160516002219
20160516002322
20160516002415
20160516002707
20160516002835
20160516002898
20160516002962
20160516002982
20160517000071
20160811000029
20160811000132
20160811000363
20160811000509
20160812000144
20160812000305
20160812000332
20160812000373
20160812001157
20160816000054
20160816000802
20160816001297
20160816001408
20160816001721
20160816001827
20160816001933
20160816001950
20161109000122
20161110000352
20161111000666
20161111000738
20161114000010
20161114000065
20161114000573
20161114000596
20161114000627
20161114000702
20161114001255
20161114001299
20161114001512
20161114001639
20161114001716
20161114001813
20161114002429
20161114002448
20161114002522
20161114002587
20170330001001
20170330001367
20170331000062
20170331001884
20170331002689
20170331003496
20170331004891
20170502001773
20170510002240
20170512005120
20170512005430
20170512006046
20170512006224
20170515000341
20170515000616
20170515000859
20170515001205
20170515001613
20170515001725
20170515001777
20170515001814
20170515002182
20170515002338
20170515002522
20170515002611
20170515002699
20170515002798
20170515003307
20170515003404
20170515003485
20170515003967
20170515003990
20170515004524
20170515004679
20170515004960
20170810000022
20170811000105
20170811000166
20170811000218
20170811000256
20170811000376
20170811000691
20170811000987
20170811001088
20170811001187
20170814000124
20170814000395
20170814000472
20170814000626
20170814000874
20170814001088
20170814001217
20170814001336
20170814001473
20170814001558
20170814002053
20170814002196
20170814002234
20170814002423
20170817000008
20170928000452
20171114000184
20171114000246
20171114000379
20171114000630
20171114000702
20171114000814
20171114001272
20171114001294
20171114001436
20171114001489
20171114001496
20171114001636
20171114001661
20171114001703
20171114001730
20171114001907
20171114002021
20171114002039
20171114002144
20171114002408
20171114002637
20171114002662
20171114002760
20171114002761
20171129000770
20171129001069
20180328000391
20180329000405
20180330001684
20180330002002
20180330003672
20180402001988
20180402003388
20180402004086
20180402004517
20180402004597
20180402005394
20180510000461
20180514000376
20180514004806
20180514005486
20180515000154
20180515000197
20180515000544
20180515000656
20180515000689
20180515000749
20180515000940
20180515000977
20180515001117
20180515001186
20180515001489
20180515001663
20180515001754
20180515002062
20180515002182
20180515002434
20180515002601
20180515002668
20180515002707
20180813000551
20180814000422
20180814001096
20180814001523
20180814001666
20180814001883
20180814002214
20180814002278
20180814002414
20180814002479
20180814002791
20180814002862
20180814003034
20180816000112
20181106000116
20181113000212
20181113000468
20181113000666
20181114000194
20181114000757
20181114000824
20181114000851
20181114001142
20181114001247
20181114001451
20181114001482
20181114001621
20181114001724
20181114001992
20181114002096
20181114002106
20181114002259
20181114002346
20181114002615
20181114002733
20181114002745
20181115000008
20181206000088
20181206000092
20190328001299
20190329002559
20190329003183
20190329003696
20190329003985
20190401000245
20190401000383
20190401001046
20190401003281
20190401003976
20190401004451
20190401004634
20190402001621
20190402002032
20190429000422
20190510000068
20190513000533
20190514000022
20190514000042
20190515000065
20190515000744
20190515000795
20190515000918
20190515001013
20190515001174
20190515001231
20190515001407
20190515001411
20190515001585
20190515001607
20190515001631
20190515001638
20190515001725
20190515001791
20190515001807
20190515002157
20190515002217
20190515002301
20190515002387
20190515002416
20190515002570
20190515002585
20190719000452
20190814000191
20190814000328
20190814000564
20190814000611
20190814001170
20190814001281
20190814001340
20190814001694
20190814001858
20190814002103
20190814002117
20190814002397
20190814002496
20190814002556
20190814002789
20190814002918
20190822000134
20191112000243
20191113000020
20191113000048
20191114000022
20191114000100
20191114000104
20191114000334
20191114000392
20191114000536
20191114000603
20191114000605
20191114000646
20191114000854
20191114001068
20191114001088
20191114001232
20191114001240
20191114001265
20191114001331
20191114001408
20191114001432
20191114001449
20191114001499
20191114001752
20191114001831
20191114001923
20191114001929
20191114001999
20191114002009
20191114002026
20191114002271
20191114002447
20191115000265
20191224000384
20200330000496
20200330001508
20200330002275
20200330002412
20200330002569
20200330002998
20200330003021
20200330003137
20200330003783
20200330004238
20200330004370
20200330004497
20200330004861
20200403000194
20200421000481
20200507000014
20200513000726
20200514000022
20200514000483
20200514001005
20200514001061
20200514001078
20200515000387
20200515000444
20200515000468
20200515000527
20200515000611
20200515000881
20200515001130
20200515001187
20200515001203
20200515001321
20200515001333
20200515001397
20200515001559
20200515001617
20200515001689
20200515001729
20200515001849
20200515001966
20200515002045
20200515002090
20200515002199
20200515002300
20200515002309
20200515002362
20200515002418
20200515002574
20200515002700
20200515002821
20200518000163
20200522000480
20200525000273
20200612000294
20200811000038
20200811000158
20200811000286
20200813000689
20200814000024
20200814000907
20200814000939
20200814001049
20200814001074
20200814001357
20200814001427
20200814001974
20200814002222
20200814002352
20200814002409
20200814002682
20200814002695
20200814002795
20200814002798
20200814002840
20200904000466
20201023000315
20201110000041
20201112000344
20201113000960
20201113000988
20201116000117
20201116000236
20201116000248
20201116000449
20201116000828
20201116001676
20201116001700
20201116001766
20201116001836
20201116002018
20201231000311
20210315000610
20210317000429
20210317000649
20210317001156
20210318001220
20210318001238
20210319000901
20210319001198
20210319001296
20210322000414
20210322000984
20210323000495
20210323000531
20210323000796
20210323000976
20210406000608
20210413001957
20210416000216
20210419000194
20210507000032
20210514000472
20210514000706
20210514001026
20210514001346
20210517000125
20210517000252
20210517000319
20210517000328
20210517000391
20210517000592
20210517001067
20210517001094
20210517001119
20210517001125
20210517001356
20210517001605
20210517001805
20210517001897
20210517001925
20210707000536
20210809000076
20210813000120
20210813000624
20210813000783
20210813000788
20210813000897
20210813000990
20210813001131
20210813001369
20210817000062
20210817000236
20210817001044
20210817001094
20210817001426
20210817001926
20210817002054
20210817002282
20210902000297
20211109000157
20211112000482
20211112000698
20211112000771
20211112000902
20211112001115
20211112001116
20211112001136
20211115000590
20211115000645
20211115000974
20211115000997
20211115001361
20211115001438
20211115001456
20211115001457
20211115001816
20211115001854
20211115002058
20211116000256
20211117000012
20220315000232
20220315000952
20220317000378
20220317000864
20220317000972
20220318000506
20220318001108
20220321000340
20220322001043
20220323000876
20220323001290
20220331002780
20220331003351
20220429001497
20220510000565
20220512000825
20220513000440
20220513000667
20220516000099
20220516000135
20220516000213
20220516000216
20220516000246
20220516000370
20220516000597
20220516000619
20220516000734
20220516000965
20220516001102
20220516001146
20220516001180
20220516001386
20220516001503
20220516001960
20220516002028
20220516002043
20220516002662
20220518000142
20220518000267
20220708000155
20220721000498
20220728000286
20220812000100
20220812000256
20220812000454
20220812000616
20220812000921
20220816000616
20220816000725
20220816000883
20220816001106
20220816001584
20220816001591
20220816001828
20220816002063
20220816002393
20220816002621
20220920000326
20221111000598
20221111000858
20221111000962
20221111001034
20221114000296
20221114000343
20221114000527
20221114000645
20221114000859
20221114001393
20221114001799
20221114001817
20221114001977
20230118000058
20230315000200
20230315001086
20230316000019
20230316001462
20230317000679
20230317000768
20230317000780
20230321000606
20230321001012
20230322001319
20230323001156
20230323001244
20230323001523
20230329000850
20230504000374
20230512000069
20230512000777
20230512001020
20230515000569
20230515000603
20230515000627
20230515000748
20230515000907
20230515001005
20230515001077
20230515001090
20230515001167
20230515001196
20230515001260
20230515001278
20230515001711
20230515001776
20230515001899
20230515002062
20230515002160
20230515002223
20230515002445
20230515002453
20230515002828
20230515002923
20230516000063
20230518000137
20230720000086
20230721000498
20230811001335
20230811001716
20230811001783
20230811002592
20230814000443
20230814000637
20230814000698
20230814001096
20230814002233
20230814002369
20230814003058
20230822000002
20231113000393
20231113000638
20231114001046
20231114001290
20231114001425
20231114002027
20231114002487
20231114002577
20231114002617
20231114002833
20231115000343
20231115000405
20231117000106
20231121000082
20231130001822
20231226000470
20240315000543
20240318000617
20240320000805
20240320001102
20240320001364
20240320001492
20240320001670
20240320001709
20240320002017
20240320002045
20240321001895
20240326000792
20240328001696
20240328001876
20240328001882
20240329002822
20240405000748
20240418000398
20240507000432
20240510000818
20240513000616
20240514000506
20240514000883
20240514001031
20240516000112
20240516000284
20240516000338
20240516000384
20240516000546
20240516000737
20240516001206
20240516001408
20240516001634
20240516001698
20240516001777
20240516002171
20240812000864
20240813000615
20240813000712
20240814001030
20240814001189
20240814001229
20240814001366
20240814002063
20240814002248
20240814002380
20240814003308
20240814003391
20240814003603
20240814003708
20240814003835
20240814003870
20240814004204
20241002000388
20241029000267
20241112000439
20241113000475
20241113000486
20241114000290
20241114000314
20241114000654
20241114000864
20241114001390
20241114001984
20241114002398
20241114002766
20241114002790
20241114002987
20241121000159
20241211000091
20250317000254
20250317000376
20250317000648
20250317001024
20250318000218
20250318000629
20250318001356
20250319000144
20250320001004
20250320001159
20250321000022
20250321001701
20250321001745
20250321001988
20250321001994
20250324000004
20250331002328
20250331004264
20250408002597
20250514000412
20250514000722
20250514000732
20250514001213
20250515000071
20250515000144
20250515000408
20250515000435
20250515000570
20250515000734
20250515001110
20250515001360
20250515001672
20250515001807
20250515002124
20250515002250
20250515002382
20250515002454
20250515002487
20250515002632
20250515002783
20250515003055
20250703000292
20250813001447
20250814000207
20250814000735
20250814001887
20250814001984
20250814002455
20250814003856
20250814003901
20250814004145
20250814004167
20250819000175
20250825000343
20251113000225
20251113000454
20251113000718
20251113000813
20251114000168
20251114000879
20251114000891
20251114000951
20251114001328
20251114001673
20251114001827
20251114002432
20251114002595
20251121000491
20260313001240
20260318000746
20260318001011
20260318001299
20260318001386
20260318001392
20260320001414
20260323000719
20260323001571
20260514000504
20260514000883
20260515000588
20260515000625
20260515000680
20260515000859
20260515001052
20260515001082
20260515001416
20260515001631
20260515001727
20260515001746
20260515001822
20260515002066
20260515002253
20260515002501
20260515002535
20260515002567
20260515002574
20260518000280
20260630000500
20260810000179
20260812000201
20260814000923
20260814001226
20260814002915
20260814003489
20260819000049
