20110516003330
20120515000248
20120515001581
20120515001841
20120515002006
20120813000310
20120814000089
20120814000712
20120814001904
20121008000026
20121009000253
20121114000533
20121114001304
20121114001325
20121114001616
20121114001722
20130214000137
20130515000822
20130515000882
20130515001496
20130522000232
20130528000180
20130529000316
20130530000045
20130530000217
20130530000502
20130530000641
20130530000844
20130530000989
20130530001130
20130814000464
20130814000581
20130814000828
20130814000998
20130814001544
20130814001576
20130828000245
20130829000909
20130829001423
20131114000449
20131114000500
20131114000682
20131114001221
20131114001474
20131128000002
20131129001068
20131129001448
20131202000348
20140514004763
20140515000255
20140515000458
20140515000761
20140515001873
20140519000218
20140528000258
20140528000423
20140529000600
20140529000627
20140530000083
20140530001447
20140717000223
20140717000224
20140814000037
20140814000171
20140814000992
20140827000239
20140828000640
20140829000307
20140829001318
20140829001579
20140829001642
20140829001667
20141114000151
20141114000587
20141118000026
20141127000420
20141128000053
20141201000645
20150514002222
20150514002283
20150514002733
20150514004621
20150514004898
20150515000173
20150515000255
20150515000364
20150515000613
20150515000634
20150515001144
20150515001232
20150515001281
20150515001355
20150515001636
20150515001814
20150515001832
20150515002217
20150515002278
20150601000917
20150630000111
20150813000096
20150813000247
20150813000552
20150813000592
20150813000880
20150813001200
20150817000245
20150817000249
20150817000572
20150817000623
20150817000858
20150817001284
20150817001389
20151103000191
20151109000026
20151111000104
20151112000183
20151113000294
20151113000414
20151113000583
20151116000344
20151116000458
20151116000602
20151116000607
20151116001475
20151116001701
20151116001889
20160513000725
20160513004084
20160513004702
20160516001988
20160516002085
20160516002707
20160516002898
20160812000373
20160812000392
20160812001157
20160812001185
20160816001046
20160816001408
20160816001486
20160816001498
20160816001747
20160816001950
20161114000573
20161114001043
20161114001639
20161114001963
20170214000749
20170510000862
20170512000550
20170515001613
20170515002820
20170515003404
20170515004053
20170515004148
20170515004227
20170515004507
20170515004679
20170515004823
20170526000330
20180330002722
20180814002250
20180814003054
20191114001240
20210315000610
20210419000194
20210813000897
20220407002814
20231114001774
20240814002380
20250317001024
20250318001443
20250814003323
