20150515000788
20150515001087
20150515001324
20150515001977
20150813001230
20151113000065
20151116000297
20151116001163
20151116001303
20160329000667
20160330002758
20160330004451
20160331000124
20160516001185
20160516001678
20160530000228
20160816001192
20161114000845
20170328000538
20170331001784
20170331001884
20170511003971
20170512004927
20170515001203
20170515002338
20170515003070
20170515003699
20170515003981
20170809000185
20170811000691
20170814001988
20170816000209
20171114001354
20180514005872
20180515001512
20190515001013
20200514000483
20200515000560
20200515000757
20200520000270
20200814001813
20201113000228
20211115000819
20220516000278
20230320000154
20231114002833
20231115000405
20240814002445
20251114003119
20260318001669
20260714000499
