20150216000284
20150514002556
20150514004898
20150515000141
20150515000787
20150515001048
20150515001275
20150515001664
20150515001814
20150515002217
20150515002492
20150807000060
20150813001200
20150817000547
20150817001231
20151103000191
20151113000587
20151116000196
20151116000732
20151116001026
20151116001064
20151116001112
20151116001142
20151116001148
20160215000263
20160329000439
20160330003128
20160330004251
20160513000708
20160513001851
20160513004766
20160513005332
20160516001902
20160516002055
20160516002234
20160516003081
20160516003354
20160516003721
20160808000251
20160812001068
20160816000254
20160816000548
20160816000625
20160816001189
20160816001620
20160816001950
20161017000388
20161114000198
20161114000493
20161114000861
20161114002181
20161114002448
20161115000066
20161229000293
20170214000469
20170328000340
20170330000761
20170331001592
20170331003124
20170331004522
20170414001894
20170510000862
20170512006046
20170515000859
20170515002047
20170515002275
20170515004348
20170515004821
20170515004856
20170516000113
20170530000562
20170811000166
20170814000326
20170814000349
20170814000818
20170814001020
20170814001217
20170814001795
20170814002149
20170814002268
20171109000024
20171114001307
20171114001891
20171114001907
20171114002377
20171116000008
20171229000367
20180402001667
20180402001988
20180402005394
20180402005428
20180510000461
20180511003381
20180511003968
20180514002725
20180515000143
20180515000158
20180515000342
20180515000757
20180515000812
20180515001354
20180518000002
20180629000364
20180814000597
20180814001183
20180814001271
20180814001342
20180814001523
20180814001711
20180814001833
20180814002214
20180814002414
20180814002839
20180814002871
20180814003034
20180822000018
20181114000111
20181114000194
20181114000415
20181114000465
20181114001204
20181114001247
20181114001375
20181114002106
20181114002254
20181114002259
20181114002745
20181114002814
20181114002895
20181115000008
20181115000135
20190329001405
20190329002929
20190329003556
20190401001489
20190401004043
20190429000422
20190514000112
20190514000247
20190514000433
20190514000476
20190514000541
20190514000783
20190514000792
20190514000829
20190514000890
20190515000098
20190515000300
20190515000979
20190515001935
20190515001968
20190515002387
20190515002504
20190515002591
20190527000346
20190528000096
20190812000341
20190814000346
20190814000617
20190814000627
20190814000797
20190814001101
20190814001201
20190814001281
20190814001329
20190814001676
20190814001858
20190814002103
20190814002472
20190814002787
20190814002918
20191113000501
20191114000035
20191114000078
20191114000100
20191114000536
20191114000603
20191114000616
20191114001088
20191114001173
20191114001406
20191114001485
20191114001923
20200214000294
20200327000980
20200330002295
20200330003030
20200403000194
20200429000870
20200514000038
20200514000483
20200514000850
20200514000969
20200515000173
20200515000241
20200515000280
20200515000527
20200515000648
20200515000845
20200515001203
20200515001742
20200515002309
20200515002369
20200515002402
20200515002671
20200515002700
20200609000131
20200629000117
20200708000210
20200814000187
20200814000466
20200814000757
20200814001074
20200814001206
20200814001234
20200814001306
20200814001518
20200814001578
20200814002329
20200814002619
20200814002682
20200814002840
20200821000555
20201111000109
20201112000344
20201113000203
20201113001051
20201116000117
20201116000543
20201116000628
20201116000894
20201116001060
20201116001182
20201116001418
20201116001534
20201116001648
20201216000274
20201231000311
20210316000528
20210318000672
20210318001314
20210322000838
20210323000186
20210323000495
20210323000744
20210510000266
20210514000063
20210514000081
20210514000102
20210514000472
20210514000859
20210514001330
20210514001378
20210514001382
20210517000319
20210517000391
20210517000581
20210517000991
20210517001686
20210517001906
20210517001925
20210517002112
20210813000135
20210813000326
20210813000788
20210813001057
20210813001077
20210813001358
20210813001369
20210817001044
20210817001308
20210817001436
20210817001798
20210817001851
20210817002168
20210817002225
20211112000482
20211112000561
20211112000732
20211112000880
20211115000645
20211115000846
20211115001028
20211115001099
20211115001128
20211115001400
20211115001438
20211115001457
20211115001651
20211115001816
20211115002103
20220211000446
20220315001148
20220318001108
20220321001425
20220322000567
20220322000642
20220322001043
20220329000547
20220331002780
20220429001497
20220512000009
20220512000562
20220513000006
20220513000440
20220513001307
20220513001674
20220513001723
20220516000334
20220516000487
20220516000572
20220516000850
20220516000873
20220516001360
20220516001499
20220516002028
20220516002134
20220516002280
20220516002293
20220516002396
20220516002431
20220516002613
20220721000498
20220728000286
20220812000427
20220812000642
20220812000921
20220816000127
20220816001890
20220816002430
20220816002512
20220906000316
20221011000038
20221011000048
20221109000280
20221111000598
20221111001034
20221114000129
20221114000263
20221114000290
20221114000689
20221114001536
20221114001631
20221114001966
20221114001981
20221206000145
20221206000233
20230314000028
20230314001307
20230321001012
20230321001354
20230512000045
20230512001292
20230515001000
20230515001294
20230515001356
20230515001785
20230515001955
20230515002746
20230515002793
20230516000063
20230526000709
20230811001335
20230811002622
20230814000637
20230814001286
20230814001346
20230814001533
20230814001729
20230814001920
20230814002076
20230818000330
20231110000683
20231114000668
20231114001184
20231114001872
20231114002087
20231115000343
20231117000106
20240307000356
20240308000493
20240312000923
20240313001179
20240318000628
20240319000303
20240319000847
20240320000993
20240320001491
20240320001920
20240320002017
20240321001452
20240325000500
20240327001182
20240424000461
20240513000377
20240514000502
20240514001670
20240516000304
20240516000386
20240516000901
20240516001083
20240516001187
20240516001327
20240516002050
20240516002227
20240814002136
20240814002201
20240814002571
20240814003308
20240814003656
20240814003708
20240814004134
20240814004220
20240816000280
20241106000103
20241112000297
20241114000682
20241114000706
20241114001123
20241114001761
20241114002172
20241114002705
20250317000623
20250317000763
20250320001159
20250321000004
20250508000013
20250513000167
20250514000722
20250514000956
20250514001213
20250515000194
20250515000594
20250515000685
20250515001360
20250515001415
20250515001525
20250515001972
20250515002473
20250515002791
20250515002866
20250515002928
20250813000739
20250813001246
20250813001542
20250814001735
20250814002130
20250814002906
20250814004054
20250814004429
20251112000066
20251113000042
20251113000813
20251114000404
20251114000491
20251114000707
20251114001673
20251114001961
20251114002595
20251114003135
20260212001257
20260316001289
20260317000753
20260324000048
20260506000167
20260514000011
20260514000652
20260514000916
20260514001082
20260514001087
20260515000465
20260515000601
20260515000978
20260515001234
20260515001405
20260515001442
20260515002153
20260811000456
20260814002251
