20150514002283
20150514003720
20150515000158
20150515000247
20150515000255
20150515000570
20150515000950
20150515001048
20150515001144
20150515001151
20150515001281
20150515001378
20150515001593
20150515001778
20150813000096
20150813000375
20150813000552
20150813001200
20150813001284
20150817000249
20150817000623
20150817000901
20150817000960
20150817001215
20150817001363
20151109000026
20151111000104
20151112000183
20151113000358
20151113000380
20151113000583
20151113000867
20151116000089
20151116000254
20151116000344
20151116000436
20151116000545
20151116000607
20151116000733
20151116000991
20151116001160
20151116001180
20151116001373
20151116001740
20151116001864
20151116001889
20151127000841
20151209000128
20160329000502
20160330000554
20160330000733
20160330000915
20160330001192
20160330001829
20160330002131
20160330002155
20160330002238
20160330002244
20160330002553
20160330003469
20160330003656
20160330004400
20160429001579
20160512003409
20160513000567
20160513000725
20160513000933
20160513005044
20160516000492
20160516000758
20160516001458
20160516001901
20160516002029
20160516002707
20160516002935
20160516003024
20160516003328
20160516003680
20160517000071
20160812000332
20160812000373
20160816000767
20160816001156
20160816001550
20160816001747
20160816001808
20160816001933
20161110000188
20161111000373
20161111000738
20161114001043
20161114001155
20161114001255
20161114001299
20161114002077
20161114002408
20161114002547
20161114002552
20161118000218
20161129000445
20170214000634
20170329000409
20170330001241
20170331001201
20170331001743
20170331002758
20170331003421
20170331004531
20170331004550
20170331005415
20170412000877
20170512000204
20170512004120
20170512005157
20170512005430
20170512005649
20170515000420
20170515001400
20170515002522
20170515003337
20170515003443
20170515003990
20170515004507
20170515004821
20170515004960
20170629000187
20170811000166
20170811000987
20170811001232
20170814000545
20170814000626
20170814000964
20170814001304
20170814001354
20170814001449
20170814001729
20170814001795
20170814002196
20170829000205
20170829000312
20170928000360
20171113000514
20171113000625
20171114000284
20171114000630
20171114000685
20171114000702
20171114000860
20171114001016
20171114001051
20171114001307
20171114001436
20171114001540
20171114001634
20171114001719
20171114001725
20171114001730
20171114001907
20171114002489
20171114002761
20180209000099
20180328000391
20180330003110
20180330003880
20180330003884
20180402000200
20180402000229
20180402002798
20180402003938
20180402004086
20180402005283
20180402005384
20180515000656
20180515001656
20180515001754
20180515001842
20180515002112
20180530000530
20180618000104
20180626000029
20180813000551
20180814000945
20180814001213
20180814001229
20180814001342
20180814001713
20180814002051
20180814002214
20180814002414
20180814002839
20180814002923
20180814002932
20180814002951
20180814003034
20181114000405
20181114000662
20181114000810
20181114001125
20181114001257
20181114001258
20181114001337
20181114001451
20181114001467
20181114001572
20181114001591
20181114001675
20181114002615
20181114002729
20181114002764
20181114002801
20181114002838
20181217000139
20190214001076
20190328001588
20190329004010
20190401001315
20190401001396
20190401002549
20190401003450
20190401003507
20190401003679
20190401004446
20190401004633
20190412002141
20190515001511
20190515001540
20190515001572
20190515002166
20190515002301
20190515002362
20190515002416
20190515002661
20190515002755
20190809000259
20190813000656
20190814000028
20190814000031
20190814000366
20190814000675
20190814000886
20190814001231
20190814001621
20190814001780
20190814001866
20190814002044
20190814002052
20190814002146
20190814002740
20190814002745
20190814002789
20190814002805
20190814002888
20190814002970
20190814002977
20191112000227
20191113000020
20191113000190
20191113000200
20191113000308
20191113000416
20191114000035
20191114000051
20191114000104
20191114000567
20191114000754
20191114000782
20191114000839
20191114000854
20191114001088
20191114001373
20191114001392
20191114001427
20191114001449
20191114001630
20191114001786
20191114001887
20191114002320
20191114002327
20191114002447
20191114002493
20191114002614
20200311000430
20200330000492
20200330001372
20200330002274
20200330002326
20200330002334
20200330002935
20200330003319
20200330003441
20200330003756
20200330003783
20200330004238
20200330004520
20200512000409
20200513000204
20200514001005
20200515000513
20200515000998
20200515001129
20200515001837
20200521000186
20200813000689
20200813000757
20200813000795
20200814000118
20200814000172
20200814001380
20200814001959
20200814002142
20200814002171
20200814002403
20200814002409
20200814002565
20200814002695
20200814002795
20200814002798
20200904000466
20200907000001
20201112000057
20201112000152
20201113000147
20201113000446
20201113000520
20201113000559
20201113000960
20201113000988
20201113001072
20201116000236
20201116000301
20201116000413
20201116000597
20201116000655
20201116000683
20201116000766
20201116000894
20201116001382
20201116001466
20201116001700
20201116001712
20201116001896
20210224003918
20210317000269
20210317000429
20210317001156
20210318001220
20210318001359
20210319001434
20210322000709
20210322000949
20210323000717
20210330000569
20210402002208
20210406000608
20210419000082
20210419000466
20210514000081
20210517000592
20210517000598
20210517000826
20210517000883
20210517001501
20210517001897
20210714000208
20210813000095
20210813001057
20210813001279
20210817000456
20210817001052
20210817001426
20210817002200
20211109000157
20211112000771
20211112000880
20211112001071
20211112001115
20211115000163
20211115000278
20211115000974
20211115001044
20211115001126
20211115001457
20211115001768
20211115002059
20211117000025
20220310001194
20220317000545
20220317001170
20220317001345
20220318000184
20220321000340
20220321000793
20220406002597
20220513001063
20220513001647
20220516000461
20220516000933
20220516001729
20220516002060
20220524000317
20220812000552
20220816000484
20220816000842
20220816000914
20220816001327
20220816001355
20220816002192
20220822000318
20221109000280
20221111000471
20221111000858
20221114000104
20221114000516
20221114001076
20221114001660
20221114002035
20221114002059
20221114002492
20221114002615
20221115000217
20230228006807
20230228006809
20230228006865
20230315000200
20230315001317
20230316001122
20230317000442
20230317001059
20230320000540
20230320000984
20230321000783
20230321001401
20230512000035
20230515000183
20230515000350
20230515000761
20230515000909
20230515000975
20230515001077
20230515001167
20230515001486
20230515001872
20230515002859
20230515002923
20230516000063
20230518000137
20230811000617
20230811002310
20230811002379
20230814000139
20230814000615
20230814000898
20230814000977
20230814001437
20230814001536
20230814001811
20230814002949
20231110000160
20231114000128
20231114000774
20231114000983
20231114001007
20231114001670
20231114001715
20231114002591
20240314001620
20240315000541
20240319000011
20240320001492
20240321001151
20240321001811
20240322000200
20240327001182
20240514001270
20240516000102
20240516000137
20240516001206
20240516001698
20240813000254
20240813000615
20240813001193
20240813001481
20240814001424
20240814001860
20240814002070
20240814002582
20240814002878
20240814003273
20240814003447
20240814003494
20240814003705
20240814004204
20240814004456
20241114000411
20241114001324
20241114001390
20241114002394
20241114002528
20241114002790
20250313001093
20250314001724
20250317000376
20250318000202
20250318000218
20250318000739
20250319000576
20250319000847
20250320001159
20250321001701
20250321001949
20250408002597
20250515000453
20250515001181
20250515001547
20250704000110
20250813000419
20250813000966
20250813001488
20250814000162
20250814001604
20250814002371
20250814002411
20250814003217
20250814003271
20250814003272
20250814004198
20250829001719
20251114000294
20251114000491
20251114000606
20251114001083
20251114001192
20251114001278
20251114002432
20251114002810
20260316000205
20260318001392
20260319000714
20260319001002
20260320000320
20260320001257
20260320001416
20260513000850
20260514000991
20260514001515
20260515000601
20260515000953
20260515001729
20260515002325
20260515002549
20260515002889
20260812000201
20260813000508
20260813001257
20260814000820
20260814001817
20260814003475
