20150331000874
20150331001576
20150331003130
20150331003486
20150331003557
20150515000634
20150515002230
20150813000880
20150813001200
20150813001487
20151103000191
20151113001218
20151127000772
20160330002313
20160330002553
20160513000933
20160513005099
20160516001988
20160516002080
20160516002614
20160516002707
20160812000373
20160816001592
20160816001950
20161114000573
20161114001462
20161114001639
20170330000045
20170330000858
20170330001242
20170331000484
20170331001039
20170331004663
20170512005649
20170512006046
20170515001725
20170515001777
20170515003307
20170515004742
20170515004823
20170811000166
20170811000817
20170814000472
20170814000818
20170814001795
20170814002053
20170814002234
20170928000452
20171114000801
20171114000876
20171114001033
20171114001272
20171114001307
20171114001496
20171114001636
20171114001891
20171114001907
20171129000091
20171129000770
20180330001684
20180330003745
20180402001246
20180402004267
20180402004293
20180405000065
20180511003968
20180514003418
20180515000307
20180515000342
20180515001205
20180515001354
20180515001663
20180515002549
20180625000360
20180814001271
20180814001523
20180814001711
20180814001726
20180814002214
20180814003034
20180814003054
20180822000018
20181113000100
20181114000415
20181114001247
20181114001480
20181114002106
20181206000088
20190328001576
20190329002559
20190329003183
20190329003696
20190401002926
20190401003281
20190401004919
20190514000387
20190515000065
20190515000300
20190515000482
20190515000545
20190515001061
20190515001174
20190515001302
20190515001585
20190515001968
20190515002217
20190515002507
20190527000346
20190719000452
20190813000326
20190813000653
20190814000043
20190814000390
20190814000743
20190814001201
20190814001329
20190814001713
20190814001792
20190814001858
20190822000134
20191112000243
20191114000104
20191114000536
20191114001173
20191114001533
20191114001786
20191114001923
20191114002026
20200330002412
20200330002887
20200330003137
20200330003783
20200514000850
20200514000969
20200515000406
20200515000633
20200515000845
20200515001130
20200515001341
20200515001380
20200515001617
20200515001966
20200515002023
20200515002369
20200515002599
20200619000429
20200813000491
20200813000586
20200814000118
20200814001074
20200814001234
20200814001240
20200814001332
20200814002171
20200814002619
20200814002733
20200814002840
20200821000555
20201112000344
20201113000203
20201113000433
20201116000324
20201116001181
20201116001346
20201116001582
20201116001651
20201116001676
20210215001352
20210317000269
20210322000803
20210323000495
20210323000531
20210323000976
20210402002208
20210413001957
20210426000525
20210513000493
20210514000081
20210514000472
20210514000993
20210514001459
20210517000391
20210517001125
20210517001165
20210517001686
20210517001835
20210517001906
20210517001925
20210526000325
20210608000450
20210813000041
20210813000135
20210813000897
20210813001057
20210813001127
20210813001367
20210813001444
20210817000062
20210817000236
20210817000666
20210817000689
20210817000963
20210817000972
20210817001926
20211110000208
20211112000209
20211112000577
20211112000880
20211115001361
20211115001457
20211115002492
20220308000525
20220317000378
20220318001108
20220321001078
20220322001081
20220323001073
20220331002780
20220512000825
20220513000622
20220513001096
20220513001142
20220513001322
20220516000510
20220516000597
20220516001499
20220516001937
20220516002028
20220516002613
20220516002662
20220518000142
20220525000220
20220728000286
20220812000100
20220812000256
20220812000454
20220812000906
20220816001096
20220816001584
20220816001591
20220816002512
20220816002546
20221109000280
20221111000858
20221114000510
20221114000527
20221114000530
20221114000650
20221114000839
20230320000621
20230322001304
20230322001319
20230323000177
20230323000263
20230512000317
20230512001020
20230515001005
20230515001603
20230515001711
20230515001899
20230515002032
20230515002445
20230515002738
20230515002793
20230515002859
20230516000063
20230720000086
20230811001716
20230811002379
20230814000698
20230814002233
20230814003058
20230822000002
20230825000305
20231113000393
20231114001046
20231114001425
20231114002487
20240313000991
20240320001492
20240321001045
20240321001151
20240405000748
20240513000771
20240516000112
20240516000384
20240516000385
20240516001231
20240516001634
20240813000584
20240813000712
20240814003308
20240814004140
20241029000267
20241114000864
20241114001967
20241114002338
20241114002987
20250319000948
20250324000004
20250331002328
20250414000817
20250514000397
20250514000756
20250515000408
20250515000501
20250515000502
20250515001100
20250515001360
20250515002791
20250813001447
20250814001118
20250814002130
20250814003632
20251113000718
20251114000327
20251114000879
20251114001278
20251114002714
20260313001240
20260317000435
20260318001299
20260323001726
20260514000504
20260515000601
20260515001561
20260515002775
20260515002973
20260715000353
20260805000412
20260812000201
20260813000508
20260813000903
20260814001028
20260814002737
20260814002867
20260814003489
20260814003565
20260814003676
20260826000595
