20160829000269
20160829000411
20170330001241
20170814001412
20180330003963
20200214000294
20200515002671
20210813000621
20210817001749
20210817002055
20210817002259
20220812000616
20220812000921
20230323001547
20230814002137
20231114000119
20231114002447
20231114002482
20231228000581
20240319000327
20240430000587
20240514000148
20240514001524
20240812000823
20240814000446
20240814001100
20240814001229
20240814001409
20240814001747
20240814001812
20240814002977
20240814003036
20240814003280
20240814003447
20240814003660
20240814004119
20240814004543
20240829000097
20240829001502
20241112000052
20241112000160
20241112000182
20241113000054
20241113000173
20241113000494
20241114000094
20241114000453
20241114000470
20241114000848
20241114001233
20241114001390
20241114001612
20241114001764
20241114002182
20241114002436
20241210000128
20241219000336
20241231000070
20250311001197
20250313001459
20250314000719
20250317000438
20250317000706
20250317000986
20250318000667
20250318000980
20250318001411
20250319000452
20250319000548
20250319000817
20250319000958
20250319001002
20250319001071
20250320000112
20250320001398
20250320001540
20250320001718
20250321000920
20250321001159
20250321001446
20250321001470
20250325000222
20250327001227
20250509000006
20250513000169
20250514000674
20250514000903
20250514001229
20250515000141
20250515000875
20250515001100
20250515001122
20250515001266
20250515001357
20250515001464
20250515001736
20250515001899
20250515002224
20250515002559
20250520000070
20250530000646
20250813000286
20250813000298
20250813000739
20250813001501
20250813001635
20250814000428
20250814000833
20250814000965
20250814001230
20250814001729
20250814001746
20250814002055
20250814002087
20250814002412
20250814002580
20250814002682
20250814002774
20250814002901
20250814003165
20250814003345
20250814003632
20250814004038
20250829000943
20250829001719
20250901000389
20251113000069
20251113000301
20251113000303
20251113000708
20251113000856
20251114000022
20251114000327
20251114000635
20251114000871
20251114000967
20251114001330
20251114001353
20251114001458
20251114001524
20251114001753
20251114002492
20251114003039
20251114003119
20251201000456
20251218000217
20260311003661
20260311003961
20260312001359
20260313001373
20260316001522
20260317000641
20260318000738
20260318000787
20260318000817
20260318000838
20260318001116
20260318001200
20260319000002
20260319000041
20260319000141
20260319000512
20260319000530
20260319000837
20260319000905
20260319001227
20260319001296
20260319001406
20260320000349
20260320001164
20260320001412
20260320001414
20260323001668
20260511000530
20260513000654
20260513000837
20260514000137
20260514000731
20260514001056
20260514001336
20260515000421
20260515000598
20260515000857
20260515000987
20260515001052
20260515001061
20260515001203
20260515001224
20260515001234
20260515001823
20260515001927
20260515001982
20260515002041
20260515002241
20260515002300
20260515002571
20260616000254
20260625000299
20260702000206
20260804000277
20260810000389
20260812000237
20260813001185
20260813001430
20260814000003
20260814000666
20260814000843
20260814000851
20260814000948
20260814000978
20260814001014
20260814001027
20260814001753
20260814002074
20260814002077
20260814002171
20260814002214
20260814002238
20260814002465
20260814002616
20260814002751
20260814002991
20260814002995
20260814003068
20260814003109
20260814003148
20260814003187
20260814003241
20260814003495
20260814003622
20260814004008
20260814004043
20260814004279
20260819000378
