20150512002297
20151127000772
20170515003990
20170811000376
20170811000769
20170811000906
20170814002423
20171114001831
20180515002308
20180814000422
20180814000734
20181113000212
20190401003831
20190510000068
20190514000831
20190515001638
20190620000077
20190814000165
20190814000328
20190814001568
20190814002198
20190814002771
20191114000117
20191224000384
20200330002185
20200514000907
20200515000154
20200515000173
20200515000282
20200515000419
20200515001504
20200518000163
20200813000699
20200813000742
20200814000892
20200814000939
20201113000437
20201116000273
20201116000664
20201116000853
20201116001766
20210514001346
20210514001530
20210517001001
20210517001356
20210813000317
20210813000624
20210817002296
20211115000997
20220516000108
20220516000246
20220516000734
20220516000850
20220516002213
20220527000185
20220812001072
20220816000878
20221114000015
20221114000056
20221114000614
20221114000618
20230512000329
20230515000579
20230515001711
20230515002160
20230515002445
20230621000100
20230811001783
20230811002447
20231114002027
20231226000470
20250512000052
20250515000242
20250530002573
20250814003512
20250814004145
20251114000879
20251114000891
20251114001328
20260514000504
20260514001035
20260515000588
20260515002066
20260814002546
