20150331002727
20150331002772
20150515002521
20150515002670
20150515002710
20150515002831
20150518000058
20150522000274
20150604000282
20150608000316
20150608000324
20150624000342
20150720000290
20150803000405
20150813001549
20150817000263
20150820000159
20150827000392
20150827000474
20151113000916
20151116001803
20151201000060
20151208000232
20151211000241
20151211000250
20151228000093
20160203000100
20160203000106
20160513005026
20160516001714
20160517000204
20160517000355
20160527000280
20160527000295
20160527000541
20160530000485
20160816000793
20160816002320
20160928000276
20161114002065
20161114002094
20161114002217
20161114002629
20161115000224
20161123000174
20170515002661
20170515002752
20170515005040
20170516000119
20170517000296
20170601000058
20170628000279
20170712000227
20170811000753
20170814000007
20170814002462
20170816000142
20170822000210
20170829000372
20170905000221
20170908000344
20170908000509
20170912000383
20171010000819
20171113000527
20171113000817
20171114000756
20171114002124
20171114002801
20171115000015
20171115000071
20171116000014
20171116000207
20171116000215
20171120000585
20171121000223
20171128000384
20171130001833
20171229000866
20180309000413
20180515001393
20180515002684
20180515002718
20180516000116
20180516000325
20180516000333
20180517000085
20180523000368
20180528000270
20180531002029
20180608000094
20180608000403
20180612000181
20180615000422
20180619000290
20180619000293
20180619000296
20180619000307
20180619000312
20180619000316
20180619000325
20180622000085
20180629000431
20180801000294
20180813000228
20180814000171
20180814000267
20180814000545
20180814000904
20180814001378
20180814001976
20180814002006
20180814002223
20180814002257
20180814002407
20180814002415
20180814002696
20180814002778
20180814002845
20180816000022
20180816000025
20180816000066
20180816000127
20180816000181
20180816000267
20180816000301
20180817000092
20180820000167
20180820000300
20180821000394
20180823000218
20180823000282
20180828000016
20180830000453
20180831001317
20180911000317
20180912000120
20180921000562
20181002000193
20181019000319
20181029000157
20181107000236
20181113000778
20181114000380
20181114000595
20181114001205
20181114002012
20181114002328
20181114002384
20181114002580
20181114002865
20181114002894
20181114002904
20181114002908
20181114002923
20181114002947
20181115000056
20181115000118
20181115000168
20181115000240
20181115000252
20181116000078
20181119000054
20181119000232
20181121000178
20181121000315
20181122000204
20181122000335
20181126000254
20181126000324
20181127000220
20181130001453
20181130001465
20181217000082
20181217000084
20181228000154
20181228000459
20181228000478
20190201000242
20190201000248
20190201000251
20190222001671
20190222001680
20190222001690
20190222001697
20190225000609
20190225000906
20190225000912
20190225001224
20190225001238
20190225001257
20190225001565
20190225001685
20190225001790
20190225002125
20190225002138
20190225002186
20190225002679
20190225002801
20190225002824
20190321000912
20190329003950
20190417000576
20190417000579
20190514000210
20190514001100
20190515002751
20190516000007
20190516000043
20190517000137
20190517000280
20190520000217
20190523000194
20190524000326
20190531001180
20190626000096
20190628000498
20190715000172
20190715000198
20190809000192
20190809000488
20190813000458
20190814000013
20190814001224
20190814001596
20190814002068
20190814002100
20190814002210
20190814002820
20190814002873
20190814003011
20190814003012
20190816000001
20190816000005
20190816000190
20190819000035
20190819000058
20190819000223
20190819000269
20190820000248
20190821000012
20190823000176
20190827000066
20190829000730
20190829000835
20190830000893
20190904000086
20190910000104
20190926000701
20191114000205
20191114000645
20191114001234
20191114001521
20191114001667
20191114001673
20191114002043
20191114002158
20191114002737
20191114002743
20191114002747
20191115000099
20191115000105
20191115000216
20191119000175
20191121000239
20191127000548
20191127000639
20191206000514
20191231000471
20200115000345
20200115000348
20200115000350
20200131000165
20200131000174
20200131000179
20200217000927
20200226004680
20240514001522
20260619000568
