20150515001458
20150730000137
20150730000138
20150817001121
20150819000058
20150827000392
20150827000474
20150831001355
20151105000281
20151112000113
20151113000916
20151117000094
20151118000012
20151119000337
20151120000033
20151126000302
20151127000530
20151201000001
20151202000097
20160203000106
20160817000119
20160819000325
20160822000387
20161115000191
20161116000126
20161123000174
20161130001193
20170209000401
20171114002734
20171120000127
20171120000585
20171123000032
20180104000305
20180117000229
20180129000294
20180209000105
20180228000028
20180419000563
20180813000481
20180814000267
20180814002385
20180817000092
20180828000323
20181114002580
20181114002923
20181120000279
20181121000088
20181121000204
20181126000254
20190104000332
20190214000268
20190222001661
20190816000138
20191114000178
20191114002737
20191118000002
20191118000046
20191119000045
20191119000058
20191204000050
20191210000362
