20000515000618
20020401000410
20021113000358
20030329000506
20051114001349
20060627000023
20070626000075
20100331003061
20150330001558
20150331002135
20150331002919
20150515001916
20150515002370
20150520000261
20150811000267
20150813000118
20150813000712
20150813000883
20150813001227
20150813001371
20150817000679
20151113000095
20151113000778
20151116000814
20151116001454
20160129000446
20160330001053
20160330001358
20160330003609
20160330003615
20160330004075
20160330004372
20160513004421
20160516003277
20160516003508
20160816000947
20160816001662
20160816001740
20161111000655
20161114001448
20161114001982
20161114002137
20170330000202
20170331001637
20170331002454
20170331002798
20170331003351
20170331003478
20170331004215
20170414001894
20170515001290
20170515001653
20170515003467
20170515004142
20170811001097
20170814000476
20170814002062
20171113000785
20171114000277
20171114000467
20171114001474
20171114002495
20171114002634
20180330001398
20180330001517
20180330001647
20180330001731
20180330001778
20180330002809
20180330003645
20180402001990
20180402002570
20180402004868
20180404002500
20180420000430
20180515000999
20180515001409
20180515001970
20180515002104
20180515002198
20180515002476
20180517000097
20180530000440
20180813000357
20180813000731
20180814000543
20180814001068
20180814001095
20180814001229
20180814001284
20180814001660
20180814002460
20180814002708
20180816000128
20180816000131
20181113000146
20181114000234
20181114001198
20181114001472
20181114001835
20181114002228
20181114002419
20181114002543
20181129000580
20190225001503
20190225001840
20190328000725
20190329000995
20190329002673
20190329003289
20190401002349
20190401002539
20190401004695
20190401005063
20190401005182
20190402000723
20190423000250
20190514000655
20190515000434
20190515000554
20190515001141
20190515002057
20190516000059
20190813000446
20190814000025
20190814000184
20190814001163
20190814001668
20190814001808
20190814002209
20190814002254
20190814002318
20190814002369
20190814002470
20190814002629
20190814002750
20190814002859
20190814002937
20191113000115
20191114000798
20191114001529
20191114001602
20191114002157
20200214000809
20200330000515
20200330000825
20200330001235
20200330001798
20200330002492
20200330002981
20200330003552
20200330003752
20200330003942
20200330004026
20200330004558
20200330004636
20200421000485
20200504000397
20200515000894
20200515001550
20200515001795
20200515001833
20200515002061
20200515002658
20200721000353
20200721000356
20200813000123
20200814000748
20200814001858
20200814002326
20200814002600
20201016000310
20201113000307
20201116000760
20201116001408
20201116002048
20201116002095
20210310001206
20210311001124
20210311001208
20210312000572
20210315001080
20210316000221
20210317000891
20210318000610
20210318000813
20210318000835
20210318000876
20210318001302
20210319000013
20210319000660
20210319000931
20210319001230
20210319001392
20210322000258
20210322000584
20210322001028
20210322001031
20210322001065
20210329000801
20210331001962
20210331003199
20210401001108
20210422000546
20210514000758
20210514001075
20210514001605
20210517001227
20210517001488
20210517001575
20210517001681
20210517001704
20210517002037
20210518000092
20210604000262
20210812000462
20210812000488
20210813000235
20210813000289
20210817000389
20210817001118
20210817001295
20210817001669
20210817001863
20210817001915
20210817001944
20210827000506
20211111000253
20211112000600
20211115000548
20211115000761
20211115002244
20211115002478
20220308000990
20220314000704
20220315000481
20220315000630
20220315001204
20220316001417
20220317000749
20220317000863
20220317001128
20220318000771
20220318000901
20220321001427
20220322000008
20220322000565
20220322000774
20220323000684
20220331000692
20220428000498
20220516000166
20220516001031
20220516002090
20220816000563
20240314001665
20240318000850
20240320000880
20240320001371
20240320001693
20240320001708
20240320002020
20240321001633
20240325000739
20240326001031
20240418000399
20240514000418
20240514001504
20240516001958
20240814001235
20240814001318
20240814003252
20240814003464
20240814003591
20240814004501
20241114000339
20241114001288
20241114002882
20250318000683
20250320000892
20250320000958
20250514001112
20250515001011
20250515001612
20250813001327
