20000513000352
20020214000245
20020214000422
20020329001017
20020330000444
20020514000316
20020515000091
20020515001261
20020629000162
20020813000187
20020814000124
20020816000088
20030514000295
20030813000259
20030813000280
20030813000338
20030814000859
20030827000174
20031023000138
20031114000201
20031114000482
20031114001668
20031117000092
20031202000182
20040326000688
20040330000851
20040330002154
20040412001235
20040514002098
20040515000493
20040521000024
20040617000122
20040813001431
20041115001058
20050330000154
20050331000017
20050331001562
20050331002009
20050401002284
20050513000514
20050513002229
20051114000352
20051114000400
20060324000080
20060329000038
20060330000067
20060330000950
20060330001284
20060330001653
20060424000362
20060511001784
20060511001938
20060512001921
20060512002077
20060515001651
20060515002115
20060811000569
20061110000293
20061110000360
20061113000020
20061114001673
20070328000474
20070328000529
20070329001292
20070330001049
20070515000759
20070814000923
20080328000169
20080328000245
20080515001086
20080516000214
20090331002593
20090515000313
20090515000923
20150326000307
20150330001289
20150331000270
20150331001858
20150331001998
20150331002692
20150331002817
20150331003223
20150331003265
20150331003327
20150331003945
20150331004280
20150401002122
20150424000703
20150514000763
20150514000977
20150514003634
20150515000653
20150515000847
20150515001571
20150515001774
20150515002515
20150515002806
20150520000113
20150522000508
20150527000101
20150626000261
20150813000483
20150813000824
20150813000950
20150813001373
20150817000311
20150817000695
20150817000947
20150817000966
20151113000245
20151113000771
20151113001115
20151113001220
20151116000258
20151116000485
20151116000506
20151116000996
20151116001157
20151120000371
20160329001187
20160330000893
20160330001642
20160330002765
20160330002973
20160330003043
20160330003468
20160330003894
20160330004089
20160513003571
20160513004504
20160516001086
20160516001460
20160516003267
20160516003747
20160524000155
20160812001010
20160812001163
20160816001039
20160816001156
20161110000188
20161114000508
20161114001282
20161114001326
20161114001399
20161114002172
20161114002192
20161114002372
20161114002513
20170327000144
20170330000434
20170330001563
20170330001614
20170331001058
20170331004324
20170331004734
20170410000627
20170510000914
20170512003734
20170512006274
20170515002332
20170515002798
20170515003071
20170516000012
20170526000086
20170531000837
20170811000544
20170811000977
20170814001130
20170814001248
20170814001361
20170814002469
20170818000001
20170829000241
20170904000158
20171113000126
20171114000331
20171114000690
20171114001122
20171114001502
20171114001536
20171114002507
20171114002580
20171117000182
20180329000231
20180330000767
20180330001763
20180330002324
20180330002402
20180330002519
20180330002993
20180402001382
20180402001857
20180402002393
20180402004053
20180402004086
20180402005428
20180514000661
20180515000396
20180515000412
20180515000768
20180515001680
20180515001785
20180515001952
20180515002069
20180515002270
20180515002470
20180612000223
20180703000048
20180814000325
20180814000454
20180814000750
20180814000959
20180814001559
20180814001625
20180814001968
20180814002081
20180814002414
20180814002644
20180814003042
20180823000286
20181112000278
20181113000047
20181114000226
20181114000716
20181114000892
20181114000970
20181114001117
20181114001301
20181114001621
20181114001696
20181114001711
20181114002132
20181114002304
20181114002663
20181114002700
20181114002720
20181114002903
20181204000182
20190114000055
20190114000061
20190213000320
20190329001394
20190329002630
20190329002718
20190329002783
20190329002878
20190401000471
20190401000636
20190401000954
20190401001107
20190401001640
20190401001991
20190401002028
20190401002123
20190401002229
20190401002390
20190401002637
20190401004238
20190401004312
20190401004351
20190412002541
20190426000345
20190514000232
20190514001113
20190515000286
20190515000787
20190515001823
20190515002124
20190515002150
20190515002409
20190618000154
20190628000416
20190701000434
20190703000182
20190703000229
20190813000465
20190813000595
20190814000038
20190814000889
20190814000943
20190814001251
20190814001944
20190814002107
20190814002117
20190814002614
20190814002838
20190814002925
20190814003003
20191108000070
20191113000016
20191113000429
20191114000243
20191114000733
20191114001246
20191114001330
20191114001373
20191114001556
20191114002026
20191114002538
20191224000376
20191224000392
20200214000862
20200327000060
20200327001867
20200330000759
20200330001463
20200330002220
20200330002873
20200330002886
20200330003305
20200330003664
20200330003952
20200330004242
20200402002415
20200403000482
20200421000477
20200514000620
20200514000980
20200514001039
20200514001061
20200515000225
20200515000282
20200515000539
20200515000601
20200515000787
20200515000803
20200515000857
20200515001083
20200515001388
20200515001741
20200515002419
20200515002428
20200518000152
20200519000214
20200520000191
20200626000379
20200724000638
20200813000369
20200813000477
20200813000819
20200814000484
20200814000524
20200814000661
20200814000800
20200814001138
20200814001339
20200814001598
20200814001679
20200814001702
20200814002067
20200814002163
20200814002165
20201113000055
20201113000175
20201113000271
20201113000806
20201116000101
20201116000300
20201116000532
20201116000973
20201116001063
20201116001216
20201116001238
20201116001534
20201116001613
20201116001899
20201116001937
20201116001955
20210310001200
20210311000968
20210312000787
20210316000648
20210316001139
20210317001130
20210317001156
20210317001174
20210318000878
20210318001367
20210319000834
20210319000897
20210322001171
20210323000342
20210323000552
20210323001041
20210323001094
20210409002715
20210415000506
20210419000238
20210514001035
20210514001384
20210517000067
20210517000542
20210517000888
20210517000916
20210517000929
20210517001907
20210517001928
20210707000520
20210707000528
20210729000451
20210813000420
20210813000887
20210813001221
20210813001309
20210817000020
20210817000446
20210817000497
20210817000856
20210817001000
20210817001179
20210817001911
20210817002148
20210826000425
20211111000036
20211112000187
20211115000567
20211115000918
20211115001096
20211115001210
20211115001512
20211115002176
20211115002254
20211117000231
20220308000752
20220317000561
20220317000814
20220317000890
20220318000545
20220321001078
20220321001193
20220321001350
20220322000327
20220322000806
20220322001043
20220323001207
20220323001317
20220323001368
20220324000407
20220324000651
20220325000754
20220415000565
20220513000465
20220513000825
20220513001546
20220516000619
20220516000677
20220516000890
20220516001130
20220516001158
20220516001300
20220516001347
20220516001575
20220516001937
20220516002077
20220518000138
20220721000498
20220728000050
20220816000349
20220816000920
20220816001077
20220816001695
20220816001828
20220816002266
20221107000198
20221111000402
20221114000030
20221114000276
20221114000513
20221114000516
20221114000549
20221114000679
20221114001135
20221114001557
20230314000028
20230315000667
20230315001421
20230316001554
20230317000800
20230317000824
20230320000621
20230321000921
20230321001042
20230321001087
20230321001496
20230322001091
20230515000054
20230515001026
20230515001095
20230515002327
20230515002344
20230515002821
20230811001758
20230814000127
20230814000549
20230814002292
20230814002356
20230814002419
20230814002791
20230825000305
20230828000581
20231110000049
20231113000400
20231113000512
20231113000570
20231114000703
20231114000874
20231114000967
20231114001050
20231114001348
20231114002562
20231114002606
20231114002855
20231129000608
20240312000752
20240313000285
20240313001782
20240314001257
20240315000610
20240318000867
20240319000298
20240319000499
20240320000332
20240320000730
20240320001158
20240320001367
20240321000520
20240321001894
20240321002053
20240321002070
20240322001053
20240327000653
20240327001225
20240328000682
20240328001541
20240415000774
20240417000287
20240514001243
20240516000308
20240516000624
20240516001457
20240809000534
20240813000571
20240813001022
20240813001617
20240814001309
20240814002581
20240814002895
20240814004004
20240814004066
20241114000178
20241114000852
20241114001214
20241114001383
20241114001548
20241114001814
20241114001887
20241114002347
20241114002431
20241114002491
20241114002609
20241114002796
20241114003037
20250310000698
20250313000882
20250318000815
20250320000813
20250320001711
20250321001120
20250321001659
20250321001962
20250328001910
20250515001338
20250515002092
20250715000144
20250814002161
20250814002857
20250814003077
20250814003125
20250814004426
20251107000306
20251114003104
20260316000187
20260316000782
20260323000346
20260324000011
20260324000021
20260409002920
20260513000687
20260513000768
20260515000096
20260515001291
20260515001954
20260813001352
20260814000822
