20151113000231
20190401001733
20191114000743
20191114002339
20200327000301
20200330001847
20200514000412
20200514000615
20200515001712
20200813000812
20200814002057
20201116000489
20210317001044
20210318000986
20210318001230
20210322000528
20210817001615
20211112000065
20220314000835
20220317000333
20220317000830
20220330000850
20220513000767
20220603000350
20230322000793
20230323000569
20230811001560
20231114000208
20231114000220
20231114002434
20240408003770
20240514000672
20240516000582
20240516001104
20240516002083
20240516002347
20240814000035
20240814000625
20240814002520
20240814002862
20240814003193
20240814003209
20240814003619
20240814004471
20260515000753
