20150205000296
20150205000302
20150331002727
20150331002772
20150515002521
20150515002536
20150515002670
20150515002710
20150515002831
20150522000274
20150528000187
20150602000029
20150604000282
20150608000316
20150608000324
20150624000342
20150702000135
20150720000290
20150803000405
20150813001549
20150817000263
20150817000799
20150818000157
20150820000159
20150827000392
20150827000474
20151110000188
20151111000118
20151113000916
20151116001803
20151201000060
20151208000116
20151208000232
20151209000350
20151211000241
20151211000250
20151228000093
20160203000100
20160203000106
20160513005026
20160516001714
20160517000204
20160517000355
20160518000084
20160527000280
20160527000295
20160527000541
20160530000485
20160816000793
20160816002320
20160928000276
20161114002065
20161114002094
20161114002217
20161114002549
20161114002629
20161115000105
20161115000224
20161123000174
20161209000326
20170112000185
20170112000191
20170112000200
20170112000204
20170112000206
20170112000213
20170112000216
20170112000218
20170207000220
20170207000232
20170207000235
20170207000239
20170207000245
20170207000252
20170207000261
20170414000813
20170515002661
20170515002752
20170515003622
20170515005040
20170516000119
20170517000296
20170519000120
20170601000058
20170628000279
20170712000227
20170808000257
20170811000753
20170814000007
20170814002462
20170816000142
20170822000210
20170824000214
20170829000372
20170905000221
20170908000344
20170908000509
20170912000383
20171010000819
20171113000527
20171113000817
20171114000756
20171115000071
20171116000014
20171121000223
20171128000384
20171208000503
20171208000519
20180103000278
20180515001393
20180515002684
20180515002718
20180516000116
20180523000368
20180531002029
20180612000181
20180619000290
20180619000293
20180619000296
20180619000307
20180619000312
20180619000316
20180619000325
20180801000294
20180814001378
20180814002407
20180814002415
20180816000127
20180820000300
20180831001317
20180912000120
20181002000193
20181114000595
20181114002384
20181114002894
20181114002904
20181114002908
20181114002923
20181115000118
20181116000038
20181116000078
20181119000054
20181121000178
20181228000154
20190201000242
20190201000248
20190201000251
20190225000609
20190225000906
20190225000912
20190225001224
20190225001238
20190225001257
20190225001565
20190225001685
20190225001790
20190225002125
20190225002138
20190225002186
20190225002679
20190225002801
20190225002824
20190514001100
20190516000043
20190523000194
20190524000326
20190809000192
20190809000488
20190813000458
20190814001224
20190814002820
20190827000066
20190910000104
20190926000701
20191114000205
20191114002737
20191114002743
20191115000099
20191121000239
20191231000471
20200131000165
20200131000174
20200131000179
20240514001522
