20150730000150
20150902000296
20151126000316
20151127000627
20160616000098
20170525000199
20170712000002
20170728000391
20170728000476
20170808000257
20170810000147
20170810000422
20170810000505
20170811000175
20170811000219
20170811000753
20170811000878
20170811000882
20170811000945
20170811001191
20170814000001
20170814000007
20170814000228
20170814000910
20170814000925
20170814001452
20170814001984
20170814002165
20170814002183
20170814002184
20170814002221
20170814002284
20170814002288
20170814002320
20170814002365
20170814002401
20170814002418
20170814002452
20170814002462
20170814002467
20170816000045
20170816000048
20170816000139
20170816000142
20170816000174
20170816000181
20170816000228
20170816000244
20170816000255
20170816000261
20170817000070
20170817000076
20170817000104
20170818000033
20170818000056
20170818000135
20170818000172
20170818000262
20170818000338
20170822000210
20170824000214
20170825000118
20170825000338
20170825000366
20170825000460
20170828000042
20170829000372
20170831000733
20170831001082
20170901000089
20170901000135
20170901000139
20170905000043
20170905000221
20170905000241
20170906000202
20170908000390
20170908000509
20170912000383
20170927000070
20170927000363
20171010000819
20171011000246
20171016000422
20171027000427
20171103000526
20171108000357
20171109000076
20171113000503
20171113000527
20171113000773
20171113000817
20171113000840
20171113000842
20171113000880
20171113000883
20171114000756
20171114000797
20171114000933
20171114001008
20171114001459
20171114001699
20171114002049
20171114002119
20171114002124
20171114002356
20171114002415
20171114002687
20171114002734
20171114002769
20171114002794
20171114002800
20171114002801
20171114002820
20171115000011
20171115000015
20171115000039
20171115000052
20171115000071
20171115000107
20171115000111
20171115000126
20171115000228
20171116000013
20171116000014
20171116000027
20171116000082
20171116000165
20171116000197
20171116000207
20171116000215
20171117000284
20171117000331
20171117000389
20171117000417
20171117000451
20171117000482
20171117000484
20171120000127
20171120000178
20171120000400
20171120000585
20171121000120
20171121000223
20171121000263
20171122000204
20171123000032
20171127000263
20171127000346
20171128000205
20171128000311
20171128000384
20171129000339
20171129000413
20171129000923
20171129001179
20171130000002
20171130000003
20171130000004
20171130001755
20171130001833
20171201000424
20171204000357
20171205000323
20171207000355
20171208000519
20171218000231
20171219000179
20171226000465
20171226000466
20171226000468
20171229000349
20171229000353
20171229000862
20171229000866
20171229000869
20180103000278
20180104000305
20180117000224
20180117000229
20180117000234
20180117000247
20180117000251
20180117000255
20180118000339
20180118000362
20180118000367
20180118000372
20180119000236
20180119000238
20180119000240
20180126000102
20180126000127
20180126000248
20180126000252
20180129000286
20180129000291
20180129000294
20180130000273
20180130000276
20180207000375
20180207000384
20180207000387
20180209000105
20180214000662
20180219000047
20180222000445
20180228000028
20180309000413
20180312000400
20180313000016
20180314000554
20180314000560
20180314000725
20180322000560
20180322000567
20180322000572
20180406002403
20180406002424
20180406002471
20180410001178
20180410001186
20180410001202
20180419000168
20180419000519
20180419000528
20180419000535
20180419000543
20180419000551
20180419000563
20180511004290
20180514001352
20180514003925
20180514004092
20180514004272
20180515000270
20180515000274
20180515000314
20180515000937
20180515001351
20180515001393
20180515001534
20180515001571
20180515001746
20180515001810
20180515001832
20180515001834
20180515001856
20180515002005
20180515002027
20180515002095
20180515002135
20180515002228
20180515002277
20180515002336
20180515002684
20180515002708
20180515002715
20180515002717
20180515002718
20180516000116
20180516000206
20180516000212
20180516000266
20180516000272
20180516000295
20180516000325
20180516000333
20180516000356
20180517000085
20180517000131
20180517000200
20180517000278
20180518000132
20180518000316
20180518000348
20180521000411
20180523000368
20180528000270
20180530000387
20180531002029
20180601000293
20180604000111
20180604000253
20180604000504
20180605000295
20180607000346
20180607000404
20180608000094
20180608000307
20180608000403
20180608000581
20180611000494
20180612000181
20180612000297
20180615000279
20180615000321
20180615000330
20180615000422
20180619000290
20180619000293
20180619000296
20180619000307
20180619000312
20180619000316
20180619000325
20180621000259
20180621000443
20180622000085
20180622000184
20180622000447
20180625000296
20180629000089
20180629000431
20180719000347
20180801000294
20180809000512
20180810000635
20180813000228
20180813000358
20180813000481
20180814000171
20180814000201
20180814000223
20180814000267
20180814000545
20180814000676
20180814000792
20180814000904
20180814000964
20180814000997
20180814001378
20180814001386
20180814001601
20180814001604
20180814001754
20180814001760
20180814001976
20180814002006
20180814002045
20180814002103
20180814002148
20180814002223
20180814002236
20180814002251
20180814002257
20180814002385
20180814002407
20180814002415
20180814002420
20180814002494
20180814002696
20180814002767
20180814002778
20180814002806
20180814002845
20180814002929
20180814002938
20180814003033
20180816000022
20180816000025
20180816000057
20180816000062
20180816000065
20180816000066
20180816000080
20180816000126
20180816000127
20180816000130
20180816000152
20180816000176
20180816000181
20180816000183
20180816000236
20180816000265
20180816000267
20180816000281
20180816000301
20180816000306
20180817000067
20180817000092
20180817000223
20180817000231
20180817000238
20180817000244
20180817000263
20180820000093
20180820000109
20180820000167
20180820000182
20180820000189
20180820000239
20180820000241
20180820000270
20180820000300
20180821000394
20180822000181
20180823000135
20180823000182
20180823000218
20180823000282
20180824000167
20180828000016
20180828000275
20180828000323
20180830000453
20180830000663
20180831001317
20180903000157
20180903000235
20180904000369
20180911000317
20180912000120
20180914000153
20180918000170
20180919000206
20180921000296
20180921000486
20180921000494
20180921000528
20180921000535
20180921000543
20180921000552
20180921000562
20181002000193
20181019000319
20181019000434
20181029000157
20181031000288
20181031000510
20181031000516
20181102000305
20181102000326
20181106000335
20181107000236
20181107000308
20181107000313
20181107000363
20181108000391
20181113000290
20181113000478
20181113000778
20181114000180
20181114000380
20181114000595
20181114000852
20181114001032
20181114001186
20181114001205
20181114001419
20181114001956
20181114002012
20181114002328
20181114002377
20181114002384
20181114002522
20181114002553
20181114002559
20181114002580
20181114002586
20181114002747
20181114002841
20181114002865
20181114002870
20181114002879
20181114002883
20181114002892
20181114002893
20181114002894
20181114002899
20181114002904
20181114002908
20181114002923
20181114002933
20181114002947
20181114002949
20181115000001
20181115000003
20181115000056
20181115000059
20181115000118
20181115000154
20181115000168
20181115000176
20181115000221
20181115000230
20181115000240
20181115000244
20181115000252
20181115000271
20181116000038
20181116000078
20181116000223
20181116000224
20181116000228
20181116000261
20181116000276
20181119000054
20181119000055
20181119000157
20181119000196
20181119000230
20181119000232
20181120000094
20181120000279
20181121000088
20181121000160
20181121000178
20181121000204
20181121000315
20181121000327
20181122000204
20181122000291
20181122000335
20181123000281
20181126000254
20181126000271
20181126000324
20181127000173
20181127000220
20181129000592
20181129000600
20181130000148
20181130000154
20181130000158
20181130000940
20181130001014
20181130001019
20181130001453
20181130001465
20181203000077
20181204000273
20181204000286
20181205000048
20181205000332
20181206000094
20181217000082
20181217000084
20181217000103
20181228000154
20181228000459
20181228000478
20181228000638
20181231000141
20181231000149
20190104000332
20190109000227
20190109000231
20190121000073
20190121000097
20190123000280
20190123000282
20190123000284
20190123000293
20190201000242
20190201000248
20190201000251
20190214000268
20190222001661
20190222001668
20190222001671
20190222001674
20190222001680
20190222001690
20190222001697
20190225000609
20190225000906
20190225000912
20190225001224
20190225001238
20190225001257
20190225001565
20190225001685
20190225001790
20190225002125
20190225002138
20190225002186
20190225002679
20190225002801
20190225002824
20190227004635
20190315001040
20190315001054
20190315001062
20190318000290
20190318000292
20190321000876
20190321000902
20190321000912
20190325001138
20190325001145
20190325001147
20190325001154
20190329003950
20190401003611
20190401003665
20190401003696
20190401004879
20190417000518
20190417000521
20190417000524
20190417000530
20190417000532
20190417000533
20190417000537
20190417000539
20190417000540
20190417000542
20190417000544
20190417000547
20190417000549
20190417000552
20190417000553
20190417000555
20190417000556
20190417000557
20190417000562
20190417000563
20190417000564
20190417000565
20190417000566
20190417000567
20190417000570
20190417000572
20190417000573
20190417000576
20190417000577
20190417000579
20190513000708
20190514000135
20190514000210
20190514000271
20190514001100
20190515000026
20190515001145
20190515001230
20190515001714
20190515001910
20190515002318
20190515002560
20190515002576
20190515002625
20190515002664
20190515002667
20190515002705
20190515002735
20190515002750
20190515002751
20190515002757
20190516000007
20190516000022
20190516000043
20190516000106
20190516000107
20190516000129
20190516000222
20190516000238
20190516000256
20190516000259
20190516000282
20190516000319
20190516000324
20190516000330
20190516000344
20190517000119
20190517000137
20190517000280
20190517000362
20190517000382
20190520000189
20190520000217
20190521000156
20190522000395
20190523000194
20190523000291
20190523000433
20190524000326
20190524000392
20190527000339
20190530000755
20190531001180
20190531001686
20190531002132
20190607000053
20190607000333
20190617000286
20190618000144
20190621000274
20190621000325
20190626000096
20190627000034
20190627000215
20190628000498
20190705000347
20190708000383
20190710000664
20190711000385
20190712000323
20190712000495
20190712000500
20190712000512
20190712000554
20190712000555
20190715000172
20190715000191
20190715000193
20190715000198
20190715000229
20190718000376
20190809000192
20190809000400
20190809000488
20190812000119
20190812000322
20190812000359
20190812000378
20190812000417
20190813000458
20190813000551
20190813000591
20190814000013
20190814000522
20190814000616
20190814001186
20190814001224
20190814001234
20190814001243
20190814001397
20190814001440
20190814001596
20190814001673
20190814001726
20190814001963
20190814002065
20190814002068
20190814002100
20190814002112
20190814002158
20190814002210
20190814002269
20190814002378
20190814002509
20190814002563
20190814002642
20190814002738
20190814002820
20190814002828
20190814002849
20190814002873
20190814002941
20190814002968
20190814002975
20190814002996
20190814003002
20190814003006
20190814003011
20190814003012
20190816000001
20190816000002
20190816000003
20190816000005
20190816000012
20190816000045
20190816000057
20190816000079
20190816000138
20190816000190
20190816000196
20190819000035
20190819000058
20190819000101
20190819000223
20190819000230
20190819000261
20190819000262
20190819000269
20190820000032
20190820000133
20190820000248
20190821000012
20190821000075
20190821000079
20190823000163
20190823000173
20190823000176
20190823000200
20190823000347
20190827000066
20190829000730
20190829000835
20190830000893
20190902000706
20190902000764
20190902000793
20190903000286
20190904000086
20190904000088
20190910000104
20190917000718
20190926000701
20190926001000
20190927000507
20191001000307
20191001000321
20191007000160
20191015000072
20191101000262
20191101000282
20191104000170
20191108000482
20191113000039
20191113000435
20191114000081
20191114000095
20191114000167
20191114000178
20191114000228
20191114000505
20191114000645
20191114000683
20191114001234
20191114001521
20191114001667
20191114001673
20191114001773
20191114001808
20191114001928
20191114002043
20191114002158
20191114002295
20191114002388
20191114002417
20191114002616
20191114002657
20191114002663
20191114002698
20191114002701
20191114002735
20191114002736
20191114002737
20191114002741
20191114002743
20191114002747
20191114002761
20191115000007
20191115000046
20191115000051
20191115000054
20191115000078
20191115000085
20191115000099
20191115000105
20191115000189
20191115000205
20191115000216
20191115000227
20191115000240
20191115000245
20191115000282
20191115000311
20191115000363
20191118000002
20191118000036
20191118000038
20191118000046
20191118000130
20191118000136
20191118000205
20191119000019
20191119000045
20191119000058
20191119000102
20191119000175
20191119000219
20191119000220
20191119000223
20191120000384
20191120000530
20191120000559
20191121000239
20191122000026
20191125000087
20191125000090
20191127000548
20191127000639
20191204000050
20191206000514
20191206000518
20191206000525
20191206000533
20191210000362
20191211000343
20191231000471
20200102000416
20200102000447
20200108000392
20200108000394
20200108000400
20200115000345
20200115000348
20200115000350
20200131000165
20200131000174
20200131000179
20200204000179
20200214001114
20200214001123
20200214001132
20200217000420
20200217000426
20200217000927
20200224002460
20200226004680
20200228005117
20200228006009
20200228006031
20240514001522
20250828000534
20260513000860
