20070514004207
20070518000027
20071114000995
20080324000533
20080328000315
20080328000641
20080328001089
20080331000598
20080331001225
20080331001688
20080331002124
20080331002371
20080331002420
20080331002526
20080331002598
20080331002628
20080331002683
20080331002890
20080331002896
20080507000861
20080508000057
20080508000231
20080508001420
20080515000043
20080515000450
20080515000740
20080515001013
20080515001900
20080813000621
20081114000198
20081114000367
20081114000413
20090327000621
20090330000851
20090330001208
20090330001214
20090331000137
20090331000155
20090331000222
20090331000639
20090331000694
20090331000712
20090331001025
20090331001451
20090331001569
20090331001854
20090331001862
20090331001995
20090331002209
20090331002367
20090331002673
20090331002732
20090331002795
20090331002913
20090331003127
20090403001212
20090408001431
20090430001959
20090514002319
20090514002977
20090515000163
20090515000838
20090515001118
20090515001573
20090515002212
20090515002286
20090515002360
20090612000206
20090813000300
20090813000340
20090813000414
20090813000588
20090814000414
20090814001509
20090814001642
20090814002130
20090814002243
20091113000702
20091113000712
20091116000963
20100329000057
20100331000059
20100331000090
20100331000654
20100331000732
20100331000829
20100331001767
20100331001800
20100331002743
20100513001366
20100513002129
20100514001773
20100514002842
20100514002872
20100514003807
20100517000772
20100517000847
20100527000208
20100604000172
20100805000062
20100813000513
20100816000026
20100816000327
20100816000439
20100816000602
20101112000213
20101115000130
20101115000190
20101115000698
20101115000904
20101115000906
20101115000956
20101115000986
20110126000062
20110126000064
20110329000621
20110330000001
20110330000660
20110330000812
20110330001106
20110330001230
20110330001327
20110330001388
20110331000017
20110331000263
20110331001135
20110331001282
20110331001484
20110331001828
20110331001879
20110331002144
20110331002688
20110331002973
20110513002078
20110513002087
20110513003069
20110513003581
20110516000192
20110516000526
20110516001591
20110516002214
20110516002513
20110516002572
20110516002630
20110516002892
20110516002910
20110516002944
20110516003065
20110516003273
20110516003316
20110516003702
20110516003715
20110516003867
20110516004188
20110530000025
20110530000057
20110530000243
20110530000576
20110530000647
20110530000688
20110530000704
20110530000776
20110803000152
20110812000475
20110812000519
20110812000772
20110812000818
20110816000177
20110816000232
20110816000252
20110816000322
20110816000644
20110816000754
20110816000947
20110816001196
20110816001345
20110816001651
20110817000035
20110817000065
20110817000086
20110822000054
20110823000076
20110826000136
20110829000038
20110829000446
20110829000514
20110829000584
20110829000672
20110829000777
20110921000147
20111007000195
20111109000278
20111110000415
20111111000265
20111111000469
20111114000302
20111114000362
20111114000913
20111114001069
20111114001260
20111114001296
20111114001514
20111114001588
20111114001711
20111114002019
20111114002043
20111128000101
20111128000215
20111128000406
20111129000308
20111129000554
20111129000569
20111129000768
20111129000917
20111129001010
20120214000134
20120214000367
20120327000340
20120328000643
20120329000118
20120329000151
20120329000366
20120329000606
20120329000667
20120330000062
20120330000249
20120330000287
20120330000294
20120330000317
20120330000702
20120330000903
20120330000960
20120330001152
20120330001288
20120330001367
20120330001379
20120330001482
20120330001582
20120330001584
20120330001658
20120330001768
20120330001832
20120330001871
20120330002111
20120330002204
20120330002280
20120330002388
20120330002431
20120330002436
20120330002566
20120330002656
20120330002697
20120330002727
20120330002828
20120330002976
20120330002983
20120330003160
20120330003182
20120330003256
20120330003309
20120330003313
20120330003314
20120416000505
20120503000477
20120509000054
20120511002628
20120511002855
20120514000636
20120514003552
20120514004102
20120514005372
20120514005740
20120515000030
20120515000076
20120515000095
20120515000126
20120515000170
20120515000204
20120515000248
20120515000254
20120515000318
20120515000451
20120515000522
20120515000540
20120515000618
20120515000686
20120515000705
20120515000819
20120515000836
20120515000879
20120515000944
20120515000970
20120515001034
20120515001053
20120515001150
20120515001210
20120515001230
20120515001335
20120515001464
20120515001504
20120515001530
20120515001588
20120515001599
20120515001663
20120515001690
20120515001691
20120515001742
20120515001842
20120515001843
20120515001849
20120515001949
20120515002010
20120515002041
20120515002100
20120523000185
20120525000197
20120530000189
20120530000233
20120530000484
20120530000505
20120530000572
20120530000616
20120530000637
20120530000647
20120530000670
20120530000774
20120530000780
20120530000806
20120530000817
20120530000863
20120530000918
20120530000980
20120601000212
20120629000183
20120705000236
20120713000174
20120810000078
20120813000210
20120813000304
20120813000310
20120814000006
20120814000093
20120814000121
20120814000168
20120814000281
20120814000312
20120814000340
20120814000345
20120814000347
20120814000369
20120814000374
20120814000401
20120814000463
20120814000515
20120814000567
20120814000604
20120814000632
20120814000708
20120814000769
20120814000815
20120814000947
20120814000960
20120814001336
20120814001414
20120814001443
20120814001450
20120814001514
20120814001548
20120814001550
20120814001692
20120814001711
20120814001976
20120820000111
20120827000039
20120828000167
20120829000149
20120829000330
20120829000334
20120829000450
20120829000548
20120829000574
20120911000119
20121004000019
20121008000206
20121010000188
20121015000141
20121017000214
20121113000182
20121113000305
20121114000074
20121114000099
20121114000180
20121114000186
20121114000315
20121114000382
20121114000391
20121114000513
20121114000518
20121114000570
20121114000576
20121114000622
20121114000701
20121114000723
20121114000819
20121114000869
20121114000980
20121114000982
20121114001023
20121114001037
20121114001113
20121114001119
20121114001503
20121114001541
20121114001688
20121114001881
20121122000187
20121123000216
20121123000232
20121129000174
20121129000414
20121129000463
20121129000519
20121129000599
20121129000643
20121129000864
20121129000870
20121129000978
20121228000470
20130214000058
20130214000226
20130312000183
20130328000108
20130328000204
20130328000905
20130329000024
20130329000044
20130329000046
20130329000221
20130329000228
20130329000325
20130329000331
20130329000399
20130329000415
20130329000564
20130329001094
20130329001097
20130329001324
20130329001340
20130329001461
20130329001481
20130329001507
20130329001598
20130329001748
20130329001774
20130329001781
20130329001966
20130329002139
20130329002268
20130329002466
20130329002641
20130329002646
20130401000278
20130401000279
20130401000707
20130401000771
20130401000869
20130401000972
20130401001031
20130401001266
20130401001424
20130401001501
20130401001674
20130401001695
20130401001733
20130401001836
20130401001869
20130401001889
20130401001894
20130401001939
20130401001959
20130401001978
20130401002293
20130401002446
20130401002541
20130401002591
20130401003036
20130401003037
20130401003082
20130402000448
20130402000987
20130404001465
20130412001407
20130419000051
20130502000012
20130502000415
20130506000007
20130506000986
20130508000750
20130508001534
20130510001166
20130510001183
20130510001271
20130510001861
20130510002030
20130513001135
20130514001646
20130514002188
20130514003009
20130514004587
20130515000161
20130515000189
20130515000297
20130515000363
20130515000505
20130515000539
20130515000641
20130515000675
20130515000752
20130515000758
20130515000818
20130515000852
20130515001004
20130515001030
20130515001084
20130515001107
20130515001114
20130515001133
20130515001159
20130515001171
20130515001178
20130515001218
20130515001220
20130515001415
20130515001452
20130515001471
20130516000034
20130520000013
20130521000012
20130521000070
20130521000085
20130522000031
20130527000309
20130529000184
20130529000202
20130529000222
20130529000429
20130530000008
20130530000082
20130530000108
20130530000112
20130530000129
20130530000199
20130530000246
20130530000252
20130530000271
20130530000342
20130530000409
20130530000458
20130530000486
20130530000518
20130530000564
20130530000567
20130530000621
20130530000629
20130530000632
20130530000648
20130530000689
20130530000690
20130530000705
20130530000717
20130530000772
20130530000785
20130530000812
20130530000842
20130530000859
20130530000878
20130530000937
20130530000950
20130530000982
20130530000988
20130530000999
20130530001011
20130530001024
20130530001048
20130530001049
20130530001064
20130530001095
20130530001101
20130530001129
20130530001145
20130530001165
20130530001273
20130530001315
20130531000207
20130621000353
20130701000286
20130812000059
20130813000049
20130813000249
20130813000289
20130814000179
20130814000193
20130814000227
20130814000446
20130814000606
20130814000636
20130814000736
20130814000739
20130814000847
20130814000875
20130814000921
20130814001058
20130814001152
20130814001162
20130814001244
20130814001284
20130814001433
20130814001551
20130814001590
20130814001639
20130819000154
20130820000216
20130822000038
20130826000424
20130827000211
20130828000119
20130828000135
20130828000216
20130828000249
20130828000312
20130828000341
20130828000383
20130828000405
20130828000593
20130829000024
20130829000103
20130829000206
20130829000210
20130829000278
20130829000361
20130829000430
20130829000471
20130829000472
20130829000521
20130829000561
20130829000663
20130829000745
20130829000804
20130829000805
20130829000834
20130829000891
20130829000919
20130829000954
20130829001002
20130829001055
20130829001164
20130829001167
20130829001299
20130829001318
20130829001325
20130829001339
20130829001780
20130903000135
20130930000161
20131108000234
20131112000058
20131112000165
20131113000041
20131113000144
20131114000251
20131114000256
20131114000392
20131114000395
20131114000571
20131114000612
20131114000685
20131114000892
20131114000902
20131114000907
20131114000946
20131114001026
20131114001116
20131114001152
20131114001356
20131114001381
20131125000168
20131125000240
20131127000061
20131127000288
20131127000411
20131127000456
20131128000057
20131128000094
20131128000403
20131128000438
20131128000491
20131128000716
20131128000774
20131128000797
20131128000833
20131128000890
20131128000943
20131128000955
20131128001053
20131129000363
20131129000463
20131129000582
20131129000659
20131129000705
20131129000789
20131129000893
20131129000973
20131129001216
20131129001251
20131129001278
20131129001407
20131129001448
20131129001478
20131129001745
20131129001780
20131129001930
20131202000348
20131210000378
20140303000267
20140303000389
20140310000320
20140314000517
20140326000574
20140327000173
20140327000614
20140327000681
20140327000836
20140328000020
20140328000054
20140328000597
20140328000802
20140328000973
20140328001300
20140328001781
20140328001988
20140331000220
20140331000231
20140331000268
20140331000381
20140331000433
20140331000475
20140331000644
20140331000660
20140331000784
20140331000881
20140331000955
20140331001087
20140331001190
20140331001461
20140331001547
20140331001557
20140331001700
20140331001723
20140331001728
20140331001868
20140331002165
20140331002565
20140331002588
20140331002770
20140331002818
20140331002852
20140331003050
20140331003298
20140331003310
20140331003350
20140331003502
20140331003514
20140331003725
20140403000058
20140414001261
20140425000684
20140429000117
20140502000210
20140508000886
20140513001067
20140513002545
20140514001719
20140514002759
20140514003381
20140514003461
20140515000080
20140515000151
20140515000286
20140515000372
20140515000410
20140515000454
20140515000494
20140515000497
20140515000531
20140515000573
20140515000684
20140515000749
20140515000761
20140515000798
20140515001123
20140515001274
20140515001279
20140515001395
20140515001439
20140515001442
20140515001454
20140515001467
20140515001629
20140515001641
20140515001649
20140515001658
20140515001664
20140515001734
20140515001797
20140516000253
20140516000273
20140520000061
20140520000134
20140522000025
20140522000117
20140523000228
20140523000257
20140526000319
20140527000001
20140527000188
20140527000308
20140528000063
20140528000078
20140528000112
20140528000118
20140528000303
20140529000014
20140529000087
20140529000141
20140529000225
20140529000338
20140529000351
20140529000525
20140529000627
20140529000732
20140530000064
20140530000192
20140530000196
20140530000247
20140530000291
20140530000467
20140530000537
20140530000546
20140530000606
20140530000610
20140530000721
20140530000917
20140530000923
20140530000928
20140530000999
20140530001181
20140530001229
20140530001264
20140530001325
20140530001390
20140530001405
20140530001454
20140530001484
20140530001533
20140530001568
20140530001638
20140530001667
20140530001685
20140530001726
20140530001738
20140530001831
20140530002088
20140623000185
20140630000494
20140717000224
20140806000240
20140808000303
20140812000077
20140813000023
20140813000492
20140813000534
20140814000019
20140814000037
20140814000260
20140814000263
20140814000318
20140814000358
20140814000445
20140814000548
20140814000585
20140814000727
20140814000730
20140814000780
20140814000783
20140814000970
20140814001039
20140814001275
20140814001396
20140814001480
20140821000013
20140822000091
20140822000259
20140825000052
20140825000094
20140826000074
20140826000229
20140827000092
20140827000239
20140827000278
20140827000297
20140828000092
20140828000175
20140828000210
20140828000225
20140828000295
20140828000329
20140828000389
20140828000424
20140828000493
20140828000514
20140828000596
20140829000088
20140829000121
20140829000133
20140829000229
20140829000353
20140829000525
20140829000536
20140829000555
20140829000597
20140829000617
20140829000735
20140829000850
20140829000897
20140829000958
20140829001056
20140829001069
20140829001152
20140829001344
20140829001423
20140829001426
20140829001513
20140829001824
20140829001871
20140829001905
20140829001978
20140829002066
20140829002113
20141002000070
20141107000396
20141110000041
20141110000094
20141111000088
20141112000080
20141112000366
20141113000330
20141113000491
20141113000503
20141114000315
20141114000433
20141114000571
20141114000693
20141114000697
20141114000735
20141114000778
20141114000879
20141114001088
20141114001097
20141114001159
20141114001436
20141114001639
20141118000016
20141118000026
20141118000041
20141120000037
20141120000131
20141121000145
20141121000165
20141124000150
20141125000086
20141125000219
20141126000060
20141126000098
20141126000179
20141127000014
20141127000106
20141127000222
20141127000287
20141127000291
20141127000518
20141127000623
20141128000705
20141128000708
20141128000766
20141128000773
20141128000809
20141128001023
20141128001036
20141128001052
20141128001191
20141128001259
20141128001392
20141128001494
20141128001615
20141128001717
20141128001722
20141128001777
20141128001825
20141128001950
20141201000100
20141201000104
20141201000109
20141201000143
20141201000405
20141201000544
20141201000633
20141201000651
20141201000777
20141201000784
20141201000922
20141201000923
20141201000957
20141201000960
20141202000036
20141205000279
20141205000432
20141211000109
20141229000151
20150205000296
20150224000217
20150302000292
20150302001058
20150323000543
20150327000313
20150327000319
20150327000520
20150327000725
20150327000780
20150327000816
20150327001479
20150330000105
20150330000759
20150330000965
20150330001021
20150331000065
20150331000191
20150331000406
20150331000874
20150331001036
20150331001286
20150331001751
20150331001809
20150331001831
20150331001848
20150331001874
20150331001926
20150331001950
20150331002105
20150331002282
20150331002370
20150331002387
20150331002480
20150331002538
20150331002969
20150331002983
20150331003016
20150331003085
20150331003095
20150331003130
20150331003161
20150331003265
20150331003296
20150331003343
20150331003486
20150331003540
20150331003550
20150331003566
20150331003771
20150331003844
20150331003884
20150331004220
20150331004250
20150331004529
20150331004536
20150331004540
20150331004570
20150403001410
20150421000357
20150514000303
20150514002556
20150514003699
20150514004790
20150515000083
20150515000141
20150515001156
20150515001228
20150515001354
20150515001636
20150515001699
20150515001778
20150515001923
20150515001978
20150515002217
20150515002299
20150515002412
20150515002492
20150515002512
20150515002746
20150515002902
20150518000078
20150519000183
20150519000252
20150519000256
20150526000776
20150528000360
20150528000637
20150529000134
20150529000503
20150529001457
20150601000140
20150601001084
20150602000357
20150603000298
20150608000212
20150730000134
20150730000147
20150807000060
20150810000366
20150813000040
20150813000193
20150813000732
20150817000596
20150817000960
20150817001041
20150817001499
20150817001685
20150819000120
20150907000099
20150925000247
20151030000510
20151103000191
20151112000362
20151113000188
20151113000587
20151113000633
20151113001015
20151116000598
20151116001026
20151116001568
20151119000085
20151201000001
20151207000331
20151208000134
20160203000100
20160203000106
20160321000536
20160322000022
20160325001387
20160330000801
20160330001083
20160330001929
20160330002261
20160330002313
20160330003630
20160512000742
20160512002583
20160512003449
20160513001851
20160513004766
20160513005006
20160513005026
20160513005094
20160516000923
20160516001185
20160516001398
20160516001856
20160516001913
20160516002146
20160516002767
20160516002798
20160516003091
20160516003395
20160516003721
20160516003771
20160517000273
20160518000210
20160603000306
20160812000373
20160812001377
20160816000041
20160816000740
20160816001416
20160816001638
20160816001827
20160816001858
20160816002233
20160816002304
20161028000373
20161111000064
20161111000734
20161114000046
20161114000089
20161114000557
20161114000900
20161114001279
20161114001359
20161114001388
20161114001590
20161114001716
20161114002429
20161114002549
20161114002586
20161114002607
20161115000092
20161115000203
20161116000093
20161227000036
20170112000185
20170112000200
20170112000218
20170126000438
20170126000446
20170207000232
20170207000261
20170209000434
20170210000579
20170330000045
20170330001722
20170331001592
20170331001884
20170331004522
20170510000862
20170511004385
20170511004401
20170511004410
20170512004076
20170515001777
20170515001840
20170515001846
20170515002338
20170515003168
20170515003195
20170515003443
20170515003470
20170515003988
20170515004025
20170515004058
20170515004524
20170515004821
20170515004932
20170516000001
20170526000084
20170530000562
20170531000903
20170531001108
20170613000045
20170725000314
20170808000257
20170810000022
20170810000273
20170811000133
20170811000166
20170811001031
20170811001193
20170814000361
20170814000575
20170814000818
20170814000925
20170814001020
20170814001070
20170814001336
20170814001452
20170814002234
20170814002467
20170829000028
20170927000363
20171010000751
20171110000304
20171113000205
20171113000686
20171114000501
20171114000602
20171114000685
20171114000801
20171114000887
20171114000892
20171114001348
20171114001406
20171114001490
20171114001661
20171114001730
20171114001792
20171114001907
20171114002120
20171114002137
20171114002408
20171114002654
20171114002687
20171114002760
20171116000197
20171130000003
20171130000004
20180118000367
20180119000238
20180207000387
20180214000614
20180330003071
20180402001988
20180402003361
20180402005394
20180511003381
20180511005182
20180511005293
20180514003418
20180514003925
20180515000307
20180515000390
20180515000689
20180515000715
20180515000877
20180515001059
20180515001117
20180515001259
20180515001295
20180515001310
20180515001705
20180515002125
20180515002180
20180515002717
20180515002719
20180518000316
20180518000348
20180810000635
20180814000422
20180814000835
20180814001271
20180814001523
20180814001548
20180814001713
20180814001760
20180814001838
20180814001895
20180814001924
20180814001991
20180814002032
20180814002041
20180814002132
20180814002214
20180814002229
20180814002256
20180814002367
20180814002646
20180814003056
20180817000238
20180817000263
20180830000663
20181113000087
20181113000490
20181114000194
20181114000405
20181114000636
20181114000737
20181114000764
20181114000824
20181114000986
20181114001088
20181114001142
20181114001151
20181114001247
20181114001258
20181114001272
20181114001375
20181114001438
20181114001451
20181114001590
20181114002106
20181114002160
20181114002259
20181114002553
20181114002586
20181114002687
20181114002895
20181114002904
20181114002923
20181115000008
20181116000038
20181116000228
20181119000230
20181205000048
20190123000293
20190321000876
20190328001299
20190329001063
20190401001880
20190401003180
20190401003791
20190402000127
20190417000518
20190417000570
20190507000108
20190508000036
20190510000784
20190513000074
20190514000509
20190514000629
20190514000831
20190514000890
20190514001024
20190515000065
20190515000764
20190515000861
20190515000896
20190515001174
20190515001451
20190515001482
20190515001575
20190515001585
20190515001621
20190515001638
20190515001799
20190515001935
20190515001957
20190515002017
20190515002161
20190515002353
20190515002691
20190515002704
20190516000259
20190523000433
20190618000144
20190621000274
20190627000215
20190715000229
20190809000186
20190812000378
20190814000045
20190814000331
20190814000493
20190814000623
20190814000842
20190814000927
20190814001170
20190814001201
20190814001224
20190814001281
20190814001446
20190814001521
20190814001858
20190814002198
20190814002472
20190814002738
20190814002787
20190814002789
20190814002828
20190814002885
20190814002968
20190814003002
20190814003003
20190816000002
20190816000057
20190904000088
20191031000065
20191113000360
20191113000435
20191113000704
20191114000078
20191114000081
20191114000117
20191114000536
20191114000605
20191114000658
20191114000891
20191114001088
20191114001315
20191114002009
20191114002020
20191114002026
20191114002320
20191114002327
20191114002581
20191115000282
20191119000019
20191211000343
20191211000390
20191224000384
20200324000339
20200330000561
20200330000693
20200330001508
20200330002097
20200330004861
20200507000014
20200512000405
20200514000038
20200514000144
20200514000483
20200514001078
20200515000403
20200515000444
20200515000527
20200515000560
20200515000565
20200515000633
20200515000772
20200515001333
20200515001380
20200515001468
20200515001494
20200515001613
20200515001752
20200515001966
20200515002074
20200515002309
20200515002317
20200515002434
20200515002625
20200515002655
20200515002680
20200609000131
20200724000006
20200812000238
20200813000586
20200813000689
20200813000795
20200814000359
20200814000466
20200814000555
20200814000757
20200814000814
20200814000907
20200814001029
20200814001065
20200814001234
20200814001332
20200814001427
20200814002019
20200814002395
20200814002682
20200814002695
20200814002798
20200904000153
20200914000259
20200928000301
20201022000123
20201106000226
20201110000041
20201112000344
20201113000036
20201113000203
20201113000393
20201113000415
20201116000117
20201116000413
20201116000436
20201116000682
20201116000976
20201116001181
20201116001182
20201116001200
20201116001418
20201116001432
20201116001475
20201116001646
20201116002025
20201116002035
20201116002171
20201117000004
20201117000238
20210215001204
20210215001352
20210316000446
20210318001035
20210318001181
20210318001314
20210319000500
20210322000440
20210322000722
20210323000470
20210323000976
20210323001020
20210324000001
20210330001312
20210413001957
20210504000182
20210507000032
20210512000093
20210513000584
20210514000102
20210514000966
20210514000993
20210514001108
20210514001346
20210517000252
20210517000391
20210517000503
20210517000546
20210517000955
20210517000991
20210517000992
20210517001087
20210517001094
20210517001234
20210517001520
20210517001610
20210517001906
20210517001925
20210517002008
20210518000286
20210526000325
20210607000169
20210813000624
20210813000788
20210813000810
20210813000897
20210813001127
20210817000039
20210817000666
20210817001044
20210817001094
20210817001174
20210817001234
20210817001436
20210817001798
20210817001851
20210817001926
20210817002121
20210817002252
20210818000332
20210819000230
20211110000250
20211112000482
20211112000561
20211112000907
20211112001089
20211112001115
20211115000517
20211115000590
20211115000712
20211115001085
20211115001304
20211115001361
20211115001438
20211115001456
20211115001659
20211115001737
20211115001938
20211115002103
20211115002473
20211117000012
20220318000817
20220318001108
20220318001144
20220321001399
20220322000567
20220322000609
20220322000642
20220322001093
20220323000785
20220324000807
20220331002780
20220511000710
20220512000562
20220512000689
20220513000622
20220513001142
20220513001392
20220516000135
20220516000247
20220516000311
20220516000343
20220516000371
20220516000424
20220516000536
20220516000540
20220516000572
20220516000619
20220516000924
20220516000983
20220516001157
20220516001192
20220516001360
20220516001386
20220516001405
20220516001524
20220516001647
20220516002028
20220516002123
20220516002134
20220516002281
20220516002293
20220516002400
20220516002662
20220517000122
20220525000220
20220530000714
20220609000583
20220725000304
20220728000286
20220811000323
20220811000452
20220812000571
20220812001251
20220816000231
20220816000725
20220816000731
20220816001584
20220816001591
20220816002458
20220906000316
20221011000038
20221011000048
20221109000280
20221110000090
20221111000043
20221111001034
20221114000325
20221114000343
20221114000393
20221114000530
20221114000859
20221114001136
20221114001393
20221114001504
20221114001720
20221114001925
20221114001966
20221114002040
20221114002059
20221114002520
20221114002674
20221115000217
20221130001600
20221206000145
20221206000233
20230309000835
20230315001086
20230320000507
20230321001092
20230321001124
20230321001405
20230330000800
20230504000285
20230504000374
20230512000095
20230512000168
20230512000322
20230512000777
20230512000993
20230512001330
20230515000033
20230515000170
20230515000237
20230515000431
20230515000544
20230515000603
20230515000627
20230515000902
20230515001479
20230515001552
20230515001732
20230515001955
20230515002042
20230515002168
20230515002223
20230515002445
20230515002453
20230515002455
20230515002708
20230515002907
20230516000063
20230518000098
20230619000170
20230720000028
20230731000251
20230811000733
20230811001442
20230811001448
20230814000615
20230814000637
20230814000698
20230814001470
20230814001503
20230814001731
20230814002218
20230814002233
20230814002261
20231113000122
20231113000256
20231114000028
20231114000458
20231114000479
20231114000494
20231114000706
20231114001006
20231114001007
20231114001184
20231114001222
20231114001908
20231114002049
20231114002072
20231114002577
20231114002705
20231114002713
20231114002968
20231115000343
20231117000106
20231121000082
20240229002341
20240312000923
20240313000522
20240313001179
20240313001497
20240318000455
20240318000585
20240319000303
20240319000847
20240320000743
20240320001483
20240320001920
20240325000500
20240405000748
20240510000818
20240513000515
20240514000316
20240514000377
20240514000847
20240514000995
20240514001083
20240514001270
20240514001274
20240514001431
20240514001453
20240516000112
20240516000398
20240516000476
20240516000559
20240516000626
20240516000901
20240516000946
20240516001077
20240516001211
20240516001254
20240516001350
20240516001484
20240516001513
20240516001610
20240516001634
20240516001777
20240516001964
20240516001965
20240516002028
20240516002149
20240516002227
20240516002233
20240516002250
20240516002314
20240517000081
20240812000634
20240814001260
20240814001635
20240814002136
20240814002166
20240814002248
20240814003308
20240814003447
20240814003664
20240814003708
20240814004024
20240814004134
20240814004204
20240814004220
20240814004232
20240814004235
20240814004430
20240819000240
20241107000263
20241114000214
20241114000704
20241114001123
20241114001761
20241114001864
20241114001931
20241114001994
20241114002113
20241114002125
20241114002172
20241114002338
20241114002398
20241114002705
20241114002790
20241114002962
20250317000376
20250320001159
20250320001414
20250324000006
20250324000082
20250325000001
20250514000663
20250514000722
20250514000901
20250515000242
20250515000501
20250515000502
20250515000510
20250515000594
20250515000685
20250515001110
20250515001134
20250515001275
20250515001360
20250515001672
20250515001730
20250515001929
20250515001971
20250515002250
20250515002370
20250515002454
20250515002487
20250515002632
20250515002703
20250515003034
20250515003055
20250530002768
20250813000966
20250813001066
20250813001488
20250814001264
20250814001604
20250814001650
20250814002022
20250814002417
20250814002452
20250814002631
20250814002906
20250814003208
20250814003271
20250814003856
20250814004081
20250814004307
20250814004385
20251113000125
20251113000744
20251113000813
20251114000247
20251114000404
20251114000468
20251114000564
20251114000852
20251114001328
20251114001961
20251114002653
20251114002811
20260311003965
20260313001240
20260313001395
20260316001289
20260317000585
20260317000753
20260318001048
20260318001299
20260318001392
20260318001409
20260320000320
20260323001545
20260323001552
20260323001571
20260323001686
20260324000547
20260325000837
20260506000167
20260511000006
20260513000015
20260513000850
20260514000011
20260514000361
20260514000370
20260514000646
20260514001016
20260515000141
20260515000262
20260515000480
20260515000579
20260515000588
20260515001052
20260515001088
20260515001185
20260515001488
20260515001561
20260515001699
20260515001729
20260515001732
20260515001897
20260515001988
20260515002018
20260515002227
20260515002544
20260515002549
20260515002567
20260515002694
20260515002839
20260515002940
20260515002951
20260515003093
20260616000373
20260629000364
20260629000485
20260810000179
20260813001073
20260814000287
20260814001479
20260814001540
20260814002531
20260814002627
20260814002700
20260814003150
20260814003321
20260814003489
20260814003647
20260814003750
20260814004274
20260821000672