20110816001196
20110921000147
20120515001150
20130329000399
20130419000051
20131128000955
20140522000117
20140529000627
20140530001229
20140717000224
20140814001396
20141110000094
20141118000016
20141118000041
20141128000766
20150331003130
20150515001354
20150515001636
20150515001778
20150515002217
20150807000060
20150817001041
20151116000598
20151116001026
20160330000801
20160516000923
20160516001185
20160516001398
20160516002798
20160816000041
20161111000734
20161114000046
20161114000900
20161115000092
20170330000045
20170331001884
20170510000862
20170512004076
20170515002338
20170526000084
20170814001070
20170814001336
20171114000602
20171114000801
20171114000887
20171114001661
20171114001792
20171114002760
20180402003361
20180402005394
20180514003418
20180515000307
20180515000689
20180515001295
20180515001705
20180814000422
20180814001838
20180814002367
20181113000490
20181114000636
20181114000737
20181114000824
20190510000784
20190514000831
20190515001482
20190515001638
20190515001935
20190515002353
20190809000186
20190814000493
20190814001201
20190814001281
20190814002198
20190814003003
20191113000360
20191114001088
20191114002009
20191224000384
20200324000339
20200507000014
20200514000483
20200515000633
20200515000772
20200515001333
20200515001380
20200515001613
20200515001752
20200515001966
20200812000238
20200813000586
20200813000689
20200814000814
20200814001029
20200814001332
20200914000259
20201022000123
20201116001182
20201116001432
20201116001646
20201117000238
20210318001035
20210318001181
20210514000966
20210514000993
20210517001087
20210526000325
20211115000517
20211115000712
20220318001108
20220331002780
20220511000710
20220512000562
20220516000343
20220516000371
20220516000983
20220516001157
20220516002028
20220516002293
20220517000122
20220530000714
20220728000286
20220812001251
20220816000725
20220816001584
20220816001591
20220816002458
20221109000280
20221114000343
20221114000859
20221114001504
20221114001966
20221114002040
20221114002059
20221115000217
20221130001600
20230315001086
20230320000507
20230321001124
20230512000322
20230512001330
20230515000627
20230515002223
20230515002445
20230811001442
20230814000637
20230814000698
20230814001470
20230814002261
20231113000122
20231114000494
20231114002577
20231114002713
20231121000082
20240318000585
20240320001483
20240514001083
20240516000112
20240516000476
20240516000559
20240516001211
20240516001777
20240516002028
20240516002149
20240517000081
20240814003308
20240819000240
20241114000704
20241114001761
20241114002125
20241114002172
20241114002790
20250515000502
20250515001360
20250515002454
20250814002417
20250814003856
20251114000247
20251114000404
20260317000585
20260318001048
20260320000320
20260323001545
20260325000837
20260514000011
20260514000361
20260515000480
20260515000588
20260515001052
20260515001561
20260515001699
20260515002951
20260616000373
20260814000287
20260821000672
