20141128001023
20150302000292
20150514000303
20150515000083
20150515001156
20150515002512
20150813000040
20150817000596
20150817001041
20150817001499
20150925000247
20151030000510
20151113000633
20151113001015
20151116001026
20151116001568
20160325001387
20160512000742
20160512003449
20160513005006
20160513005094
20160516001398
20160516002146
20160516002767
20160516002798
20160516003721
20160812001377
20160816001416
20160816001638
20161111000064
20161111000734
20161114000089
20161114000557
20161114000900
20161114001359
20170330000045
20170512004076
20170515001846
20170515003195
20170515003988
20170515004058
20170530000562
20170810000273
20170811000133
20170814000361
20170814001070
20170829000028
20171110000304
20171114000501
20171114000801
20171114000887
20171114001792
20171114002120
20171114002137
20180511005182
20180514003925
20180515000307
20180515000390
20180515001059
20180515001705
20180515002125
20180814001548
20180814001838
20180814002032
20180814002041
20180814002367
20181113000087
20181113000490
20181114000636
20181114000737
20181114000764
20181114001088
20181114001151
20181114001375
20181114001438
20181114001590
20181114002923
20181116000228
20181205000048
20190123000293
20190401003791
20190402000127
20190507000108
20190514000509
20190514000831
20190515000896
20190515001575
20190515001957
20190515002353
20190515002691
20190515002704
20190809000186
20190814000331
20190814000493
20190814000623
20190814000927
20190814001224
20190814002198
20190814002738
20190814002885
20190814002968
20190814003003
20190904000088
20191031000065
20191113000360
20191113000435
20191114000081
20191114000891
20191114002020
20191115000282
20200324000339
20200515000565
20200515000633
20200515001380
20200515001613
20200515001752
20200515002074
20200515002317
20200515002655
20200814000359
20200814000466
20200814000814
20200814001065
20200814001332
20200904000153
20200914000259
20200928000301
20201022000123
20201106000226
20201113000393
20201113000415
20201116001181
20201116001182
20201116001646
20201116002025
20201116002171
20210215001352
20210318001035
20210318001181
20210319000500
20210322000440
20210322000722
20210323000470
20210323001020
20210324000001
20210330001312
20210504000182
20210512000093
20210513000584
20210514000966
20210514000993
20210517001087
20210526000325
20210817000039
20210817001174
20210817001234
20210818000332
20210819000230
20211110000250
20211115001304
20211115001737
20211115001938
20211115002473
20220318000817
20220318001144
20220321001399
20220322000609
20220322001093
20220323000785
20220324000807
20220512000562
20220512000689
20220516000343
20220516000371
20220516000536
20220516000924
20220516000983
20220516001157
20220516001192
20220516001647
20220516002123
20220516002134
20220530000714
20220725000304
20220811000323
20220811000452
20220816000731
20220816002458
20221110000090
20221114001136
20221114001504
20221114001720
20221114001925
20221114001966
20221114002520
20221130001600
20221206000145
20221206000233
20230309000835
20230320000507
20230321001092
20230321001124
20230512000322
20230512001330
20230515000237
20230515000431
20230515002168
20230515002708
20230515002907
20230518000098
20230619000170
20230811000733
20230811001442
20230814001470
20230814001731
20230814002218
20230814002261
20231113000122
20231114000028
20231114000458
20231114000494
20231114002072
20231114002713
20231114002968
20240229002341
20240313000522
20240313001497
20240318000455
20240318000585
20240320001483
20240514000316
20240514000377
20240514001274
20240516000476
20240516000559
20240516000946
20240516001211
20240516001610
20240516002028
20240516002149
20240516002250
20240516002314
20240812000634
20240814001635
20240814003664
20240814004024
20240814004430
20240819000240
20241114000704
20241114001864
20241114001931
20241114001994
20241114002125
20241114002172
20241114002705
20250320001414
20250325000001
20250514000901
20250515001134
20250515001730
20250515001971
20250515002370
20250813001066
20250814001650
20250814002417
20250814002631
20250814004081
20250814004307
20250814004385
20251113000744
20251114000247
20251114000404
20251114000852
20251114002653
20260311003965
20260318001048
20260323001545
20260323001686
20260325000837
20260506000167
20260511000006
20260513000015
20260514000011
20260514000361
20260514000646
20260514001016
20260515000480
20260515001185
20260515001488
20260515001561
20260515001699
20260515002018
20260515002940
20260515002951
20260616000373
20260629000364
20260814001479
20260814001540
20260814002531
20260814002627
20260814002700
20260814003647
20260821000672
