20140806000009
20140829001431
20140829001546
20141113000203
20141114000303
20141201000235
20141201000583
20141201000785
20150128000129
20150213000497
20150216000357
20150302000314
20150302000419
20150302000640
20150302000970
20150512001002
20150513001512
20150513001802
20150514003384
20150514005261
20150515000153
20150515000708
20150515001299
20150515001328
20150515001330
20150515001520
20150515001685
20150515001807
20150515001878
20150515001990
20150515002395
20150515002518
20150515002540
20150515002615
20150528000241
20150601001027
20150629000407
20150811000205
20150812000406
20150813000076
20150813000173
20150813000328
20150813000763
20150813001310
20150813001524
20150817000039
20150817000508
20150817000628
20150817000860
20150817001233
20150817001549
20150817001665
20150824000021
20150831000947
20151030000289
20151111000138
20151112000066
20151112000368
20151113000386
20151113000457
20151113000618
20151113000632
20151113000724
20151113000963
20151113001043
20151113001195
20151116000002
20151116000095
20151116000315
20151116000719
20151116000741
20151116000762
20151116001012
20151116001114
20151116001274
20151116001275
20151116001473
20151116001487
20151118000043
20151130000689
20160328000559
20160329000032
20160329000310
20160330000048
20160330000651
20160330000712
20160330001477
20160330001927
20160330002088
20160330003043
20160330003072
20160330003261
20160330003383
20160330003750
20160330003760
20160330003830
20160330004121
20160330004137
20160330004541
20160510002320
20160512000064
20160512003583
20160512003759
20160513001623
20160513002827
20160513003571
20160513003597
20160513003756
20160513005477
20160516000967
20160516000977
20160516001492
20160516001512
20160516002327
20160516002760
20160516003087
20160516003131
20160516003484
20160516003726
20160519000365
20160530000803
20160614000046
20160629000765
20160811000042
20160811000440
20160812000549
20160812000551
20160812000759
20160812000851
20160812000959
20160812001262
20160812001309
20160812001433
20160816000260
20160816000280
20160816000669
20160816000879
20160816000911
20160816000926
20160816001123
20160816001140
20160816001670
20160816001845
20160816001869
20160816001947
20160816001974
20160816002119
20160829000269
20160829000411
20160829000423
20161110000007
20161111000189
20161111000450
20161111000469
20161111000509
20161114000262
20161114000528
20161114000593
20161114000709
20161114000752
20161114000934
20161114001096
20161114001156
20161114001717
20161114001862
20161114001969
20161114002073
20161114002370
20161114002609
20161117000033
20161129000348
20161129000538
20170125000226
20170208000067
20170330000641
20170330000665
20170330000880
20170330001127
20170330001630
20170330001733
20170331000106
20170331000673
20170331000675
20170331001261
20170331001392
20170331001922
20170331002472
20170331004291
20170331004813
20170331005183
20170331005554
20170331005568
20170331005605
20170403002911
20170419000151
20170511001212
20170511002920
20170511004014
20170511005168
20170512004730
20170512005819
20170515000438
20170515000445
20170515000716
20170515001045
20170515001074
20170515001159
20170515002779
20170515002799
20170515003095
20170515003578
20170515004301
20170515004482
20170523000017
20170530000253
20170530000367
20170712000223
20170811000158
20170811000231
20170811000781
20170811000817
20170811000869
20170811001020
20170814000023
20170814000086
20170814000625
20170814001375
20170814001433
20170814001741
20170814001867
20170814002090
20170814002140
20170822000209
20170829000020
20171109000124
20171110000053
20171113000193
20171114000394
20171114000396
20171114000694
20171114001012
20171114001033
20171114001060
20171114001107
20171114001109
20171114001316
20171114001527
20171114001750
20171114001828
20171114001855
20171114002035
20171114002156
20171114002215
20171114002272
20171114002423
20171114002480
20171114002550
20171114002572
20171114002670
20180328000631
20180329000132
20180329000878
20180330000270
20180330000975
20180330001324
20180330001415
20180330001628
20180330002033
20180330002354
20180330002404
20180330002417
20180330002620
20180330002829
20180330002950
20180330003261
20180330003321
20180330003359
20180330003417
20180330003602
20180330003603
20180402001246
20180402002138
20180402002154
20180402002917
20180402003110
20180402003400
20180402003786
20180402003896
20180402004267
20180402004272
20180402004297
20180402004454
20180402004546
20180402005009
20180402005134
20180402005312
20180417000394
20180514002938
20180515000297
20180515000463
20180515000538
20180515000560
20180515000851
20180515001611
20180515001643
20180515001702
20180515001761
20180515001795
20180515002332
20180515002418
20180515002558
20180604000359
20180608000090
20180611000428
20180619000112
20180625000236
20180625000360
20180727000096
20180808000358
20180813000387
20180814000476
20180814000679
20180814000787
20180814000801
20180814000842
20180814000852
20180814001006
20180814001051
20180814001415
20180814001626
20180814001687
20180814001694
20180814001774
20180814002140
20180814002174
20180814002248
20180814002281
20180814002616
20180814002741
20180829000166
20181114000412
20181114000414
20181114000543
20181114000576
20181114000832
20181114000912
20181114001086
20181114001441
20181114001529
20181114002001
20181114002065
20181114002285
20181114002297
20181114002443
20181114002689
20181129000242
20190328000777
20190329000319
20190329000726
20190329000933
20190329001113
20190329001369
20190329002280
20190329002483
20190329002652
20190329003128
20190329003872
20190329004158
20190401000698
20190401001155
20190401001728
20190401001823
20190401001874
20190401001988
20190401002303
20190401002685
20190401002716
20190401002717
20190401002837
20190401003110
20190401003456
20190401003574
20190401003673
20190401003940
20190401004101
20190401004374
20190401004615
20190401004919
20190401004924
20190402002312
20190408002703
20190411001772
20190417000575
20190418000482
20190425000466
20190425000787
20190426000267
20190510000751
20190514000041
20190514001150
20190515000148
20190515000459
20190515000550
20190515000628
20190515000880
20190515001034
20190515001077
20190515001101
20190515001175
20190515001769
20190515001859
20190515001905
20190515001944
20190515002005
20190515002254
20190515002482
20190530000210
20190607000162
20190712000396
20190724000534
20190730000354
20190812000023
20190813000115
20190814000165
20190814000283
20190814000392
20190814000394
20190814000480
20190814000821
20190814001048
20190814001113
20190814001235
20190814001330
20190814001351
20190814001454
20190814001458
20190814001466
20190814001527
20190814001611
20190814001630
20190814001961
20190814002005
20190814002187
20190814002212
20190814002241
20190814002248
20190814002714
20190927000624
20191101000435
20191111000107
20191113000109
20191113000117
20191113000250
20191113000490
20191113000499
20191114000134
20191114000146
20191114000243
20191114000262
20191114000543
20191114000597
20191114000629
20191114000685
20191114000726
20191114000826
20191114000865
20191114001018
20191114001030
20191114001271
20191114001526
20191114001571
20191114001675
20191114001693
20191114001743
20191114001769
20191114001795
20191114002007
20191114002374
20191114002502
20191114002576
20191114002661
20191115000290
20200115000436
20200327000159
20200327000642
20200327001127
20200327001826
20200327002123
20200330000162
20200330000591
20200330001074
20200330001194
20200330001326
20200330001484
20200330001518
20200330001829
20200330001944
20200330002014
20200330002320
20200330002414
20200330002425
20200330002427
20200330002434
20200330002673
20200330002763
20200330002896
20200330002940
20200330003101
20200330003362
20200330003433
20200330003514
20200330003639
20200330003672
20200330004224
20200414002382
20200513000033
20200513000632
20200514000531
20200514000966
20200514001096
20200514001110
20200515000041
20200515000610
20200515000632
20200515000646
20200515000768
20200515000974
20200515000976
20200515001212
20200515001265
20200515001341
20200515001453
20200515001516
20200521000374
20200629000058
20200811000094
20200811000166
20200814000389
20200814000403
20200814001038
20200814001171
20200814001193
20200814001201
20200814001227
20200814001722
20200814001825
20200814001978
20200814002475
20200814002637
20200814002666
20200814002873
20200828000536
20201023000282
20201112000162
20201113000267
20201113000432
20201113000487
20201113000526
20201113000887
20201113000954
20201113001023
20201113001056
20201113001123
20201113001194
20201116000004
20201116000163
20201116000215
20201116000539
20201116000842
20201116001119
20201116001578
20201116001650
20201116001855
20201116001907
20201116001920
20201116001975
20201116002006
20201201000068
20210310000864
20210310000867
20210315000950
20210316000430
20210316000584
20210316000852
20210316000956
20210316001031
20210317000002
20210317000244
20210317000340
20210317000563
20210317000892
20210317001080
20210317001150
20210318000228
20210318000256
20210318000286
20210318000367
20210318000400
20210318000536
20210318000893
20210318000894
20210318001205
20210318001242
20210318001396
20210318001442
20210319000001
20210319000460
20210319000662
20210319001040
20210319001153
20210319001163
20210319001235
20210319001242
20210322000283
20210322000484
20210322000539
20210322001122
20210323000287
20210323000506
20210323001081
20210323001161
20210329000981
20210331002449
20210331002921
20210331003077
20210416000369
20210419000320
20210504000179
20210513000750
20210514000500
20210514001053
20210514001184
20210514001634
20210517000095
20210517000587
20210517000671
20210517000815
20210517001174
20210517001251
20210517001454
20210517001470
20210517001852
20210517001955
20210518000001
20210524000444
20210524000502
20210602000352
20210608000341
20210610000161
20210813000025
20210813000687
20210813000963
20210813001069
20210813001336
20210817000300
20210817000361
20210817000459
20210817000689
20210817000702
20210817001155
20210817001281
20210817001327
20210817001476
20210817001746
20210817001779
20210817001859
20210817001916
20210818000238
20210827000632
20211111000044
20211111000205
20211112000474
20211112000662
20211112000829
20211112001097
20211112001104
20211115000186
20211115000294
20211115000420
20211115000787
20211115000870
20211115000907
20211115001443
20211115001924
20211115002196
20211115002279
20211115002447
20211115002482
20211124000387
20211125000130
20220303000397
20220310001209
20220311000952
20220314000905
20220315001210
20220317000628
20220317001091
20220317001271
20220317001290
20220317001300
20220318000421
20220318000699
20220318000868
20220318001084
20220318001112
20220318001135
20220321000587
20220321000770
20220321001020
20220321001311
20220322000460
20220322000468
20220322001049
20220323000385
20220323001371
20220325001334
20220328000767
20220329000005
20220329001016
20220331000062
20220331000338
20220331001687
20220425000533
20220509000079
20220513000580
20220513001189
20220513001245
20220513001314
20220513001317
20220513001346
20220516000387
20220516000440
20220516000510
20220516000682
20220516000751
20220516000766
20220516000902
20220516000920
20220516001174
20220516001714
20220516001833
20220516001996
20220712000592
20220729000570
20220808000154
20220812000555
20220812000942
20220812001022
20220816000266
20220816000270
20220816000392
20220816000412
20220816000426
20220816000472
20220816000981
20220816000988
20220816001039
20220816001184
20220816001251
20220816001335
20220816001444
20220816001544
20220816002188
20220816002484
20220816002490
20220816002558
20220829000692
20220902000193
20221012000315
20221108000291
20221111000113
20221111000127
20221111000719
20221114000173
20221114000192
20221114000269
20221114000368
20221114000387
20221114000389
20221114000416
20221114000454
20221114000525
20221114000923
20221114000961
20221114000992
20221114001185
20221114001296
20221114001390
20221114001793
20221114001942
20221114002155
20221114002173
20221114002423
20221114002442
20221114002463
20221114002467
20221114002533
20221114002619
20221114002638
20221114002770
20221124000394
20230214000971
20230217001593
20230228006870
20230228006872
20230308000595
20230314000697
20230314000980
20230314001059
20230314001301
20230315000563
20230315001351
20230316001414
20230316001527
20230317000676
20230317000899
20230320000077
20230320000199
20230320000612
20230320001072
20230321001052
20230321001080
20230321001119
20230321001247
20230321001293
20230321001305
20230321001505
20230321001521
20230322000709
20230322001280
20230322001306
20230322001317
20230322001331
20230323000007
20230323000543
20230323001453
20230323001460
20230323001462
20230330000322
20230331003410
20230331004445
20230510000897
20230512000677
20230512001358
20230515000448
20230515000495
20230515000879
20230515000888
20230515001141
20230515001326
20230515001343
20230515001786
20230515001880
20230515001891
20230515002032
20230515002063
20230515002171
20230515002596
20230714000372
20230810000954
20230811001469
20230811001649
20230811001819
20230811001979
20230811002031
20230811002106
20230814000259
20230814000736
20230814001226
20230814001285
20230814001408
20230814001785
20230814001795
20230814002135
20230814002221
20230814002306
20230814002610
20230814003011
20230816000309
20230817000246
20230824000001
20230831001403
20231110000086
20231113000199
20231113000301
20231113000460
20231113000522
20231114000119
20231114000418
20231114000467
20231114001071
20231114001106
20231114001110
20231114001140
20231114001397
20231114001467
20231114001563
20231114001628
20231114001724
20231114001920
20231114001954
20231114002110
20231114002482
20231114002514
20231114002618
20231114002863
20231114002969
20231212000324
20231228000091
20231228000581
20231229000358
20240213000584
20240307000512
20240312000306
20240312000752
20240312000765
20240313000236
20240314001415
20240314001513
20240314001607
20240314001769
20240315000026
20240315000212
20240315000519
20240318000001
20240318000191
20240318000386
20240318000513
20240318000728
20240318000760
20240319000093
20240319000096
20240319000491
20240319000499
20240319000545
20240319000652
20240320000522
20240320000719
20240320000808
20240320000959
20240320001495
20240320001691
20240320001811
20240320001946
20240320001947
20240320001993
20240321000058
20240321000393
20240321000587
20240321000838
20240321000940
20240321000994
20240321001045
20240321001056
20240321001149
20240321001241
20240321001243
20240321001438
20240321001633
20240321002014
20240321002034
20240322000583
20240322000905
20240325000739
20240328001860
20240401003490
20240408002597
20240409003394
20240430000587
20240502000551
20240510000032
20240513000069
20240514000148
20240514000557
20240514000799
20240514001041
20240514001262
20240514001524
20240514001536
20240514001645
20240514001674
20240514001708
20240516000076
20240516001063
20240516001122
20240516001183
20240516001297
20240516001299
20240516001631
20240516001683
20240516001924
20240516002254
20240516002278
20240516002343
20240517000074
20240517000099
20240517000315
20240628000237
20240718000081
20240802000089
20240809000508
20240812000861
20240813000566
20240813001452
20240813001630
20240814000446
20240814000797
20240814001081
20240814001100
20240814001499
20240814001746
20240814001747
20240814001780
20240814001812
20240814001875
20240814002187
20240814002550
20240814002573
20240814002910
20240814002924
20240814002977
20240814003051
20240814003134
20240814003234
20240814003280
20240814003347
20240814003813
20240814004099
20240814004119
20240814004158
20240814004324
20240826000032
20240927000329
20241112000052
20241112000182
20241113000173
20241113000323
20241113000349
20241113000442
20241114000007
20241114000027
20241114000281
20241114000320
20241114000430
20241114000848
20241114000950
20241114001104
20241114001309
20241114001414
20241114001443
20241114001612
20241114001617
20241114001764
20241114001786
20241114002119
20241114002162
20241114002384
20241210000128
20241230000449
20250109000166
20250306000588
20250311000782
20250311001197
20250311001216
20250311001310
20250312001153
20250313000809
20250313001194
20250314000949
20250314001143
20250317000787
20250317000860
20250317000982
20250317001021
20250318000272
20250318000283
20250318000544
20250318000905
20250318001004
20250318001015
20250318001020
20250318001203
20250318001323
20250318001411
20250318001433
20250319000964
20250319000993
20250319001002
20250319001095
20250320000385
20250320000683
20250320000764
20250320000809
20250320000945
20250320001036
20250320001153
20250320001186
20250320001200
20250320001386
20250320001610
20250321000291
20250321000555
20250321001077
20250321001149
20250321001159
20250321001677
20250321001821
20250321001983
20250326001009
20250327001009
20250328001704
20250331003267
20250331004128
20250407004392
20250424000289
20250513000550
20250514000674
20250514000903
20250514001229
20250515000291
20250515000312
20250515000327
20250515000422
20250515000555
20250515000670
20250515001280
20250515001300
20250515001357
20250515001464
20250515002164
20250515002559
20250522000161
20250710000573
20250811000522
20250812000560
20250813000806
20250813001004
20250813001401
20250813001501
20250814000428
20250814001659
20250814001746
20250814002087
20250814002148
20250814002412
20250814002580
20250814002627
20250814002682
20250814002901
20250814003165
20250814003166
20250814003312
20250814003345
20250814003508
20250814004038
20250814004183
20250814004197
20250814004364
20250829000943
20251111000062
20251112000217
20251112000516
20251113000069
20251113000301
20251113000303
20251113000856
20251113000971
20251114000106
20251114000191
20251114000345
20251114000426
20251114000458
20251114000635
20251114000910
20251114001353
20251114001434
20251114001515
20251114001516
20251114001524
20251114001529
20251114001581
20251114001664
20251114001947
20251114001978
20251114002377
20251114002492
20251114002627
20251201000456
20260213002449
20260312000604
20260312000803
20260312001200
20260312001359
20260316000916
20260316001412
20260316001628
20260317000873
20260318000278
20260318000474
20260318000631
20260318000724
20260318000734
20260318000738
20260318000820
20260318000998
20260318001038
20260318001200
20260318001210
20260318001384
20260318001566
20260318001590
20260318001625
20260318001677
20260318001678
20260319000002
20260319000041
20260319000141
20260319000512
20260319000530
20260319000542
20260319000660
20260319000752
20260319000806
20260319000837
20260319000847
20260319000905
20260319001011
20260319001022
20260320000730
20260323001143
20260323001175
20260323001475
20260323001528
20260323001701
20260324000008
20260331002196
20260506000261
20260513000010
20260513000654
20260513000837
20260514000137
20260514000731
20260514000782
20260514000789
20260514001336
20260515000571
20260515000598
20260515000599
20260515000857
20260515001061
20260515001203
20260515001648
20260515001823
20260515001921
20260515001927
20260515001954
20260515001971
20260515002041
20260515002144
20260515002190
20260515002300
20260515002547
20260515002571
20260515002579
20260515002975
20260616000254
20260617000470
20260727000316
20260812000237
20260812000672
20260812000875
20260813001044
20260813001141
20260813001185
20260813001312
20260813001414
20260814000310
20260814000558
20260814000588
20260814000666
20260814000744
20260814000829
20260814000843
20260814000851
20260814000865
20260814000953
20260814000978
20260814001014
20260814001685
20260814001743
20260814002077
20260814002143
20260814002151
20260814002171
20260814002238
20260814002413
20260814002452
20260814002465
20260814002616
20260814002683
20260814002781
20260814002968
20260814003056
20260814003068
20260814003109
20260814003148
20260814003187
20260814003241
20260814003299
20260814003352
20260814003407
20260814003676
20260814004008
20260814004043
20260814004074
20260814004082
20260814004171
20260814004236
20260826000595
