20140829001913
20150514004350
20150515000883
20150515001056
20150515002097
20150515002223
20150515002691
20150515002751
20150817000643
20150817000661
20151113001147
20151116001227
20160329001205
20160330003906
20160513000248
20160513003156
20160513004276
20160513005476
20160513005509
20160516000607
20160516000836
20160516001874
20160516001884
20160516003780
20160816000860
20161114002032
20170331001148
20170512000530
20170512006316
20170515002195
20170515002500
20170515002865
20170515003016
20170515004216
20170515004530
20170814000916
20170814001627
20171114002053
20180330000905
20180402005187
20180514004861
20180515000489
20180515001125
20180515001331
20180515001448
20180515001565
20180515001639
20180515001891
20180515002615
20180814001069
20180814002698
20181106000173
20181114000613
20181114002173
20190401001678
20190515001210
20190515001694
20190515002267
20190515002540
20190814001309
20190814001725
20191114001196
20191114001439
20200330003683
20200330003716
20200330003747
20200514000475
20200515000334
20200515002151
20200515002200
20200515002208
20200515002404
20200515002819
20200814000185
20200814002115
20200814002841
20201116001918
20210114000331
20210114000350
20210114000356
20210114000374
20210318001280
20210517000670
20210517001327
20210517001408
20210517001698
20210517002154
20210526000428
20210817001284
20211115002051
20220317001158
20220513001197
20220516002153
20220516002292
20220712000477
20220816002334
20221114002392
20230214000822
20230316001454
20230510000193
20230512001041
20230515000398
20230515001916
20230515002741
20230622000218
20230630000997
20230814000761
20230814003024
20230927000772
20240510000301
20240513000264
20240514000615
20240514000679
20240514000889
20240514000916
20240514000967
20240514001366
20240514001523
20240514001628
20240516000015
20240516000266
20240516000361
20240516000463
20240516000469
20240516000543
20240516000580
20240516000795
20240516000952
20240516000997
20240516001195
20240516001238
20240516001240
20240516001470
20240516001599
20240516001611
20240516001749
20240516001849
20240516002083
20240516002316
20240516002340
20250513000394
20250513000474
20250514000050
20250514000501
20250514000614
20250514000941
20250514001042
20250514001142
20250514001195
20250514001224
20250515000369
20250515000449
20250515000678
20250515000940
20250515000967
20250515001248
20250515001295
20250515001355
20250515001450
20250515001673
20250515001772
20250515001860
20250515002098
20250515002379
20250515002496
20250515002510
20250515002551
20250515002641
20250515002722
20250515002881
20250515002912
20250519000054
20250519000283
20250814004252
20260513000702
20260514000422
20260514000953
20260514001038
20260514001438
20260515000602
20260515000669
20260515000701
20260515000930
20260515001109
20260515001139
20260515001173
20260515001226
20260515001231
20260515001417
20260515001462
20260515001499
20260515001562
20260515001593
20260515001634
20260515001721
20260515001743
20260515001852
20260515001862
20260515001893
20260515002042
20260515002234
20260515002479
