20150515000760
20150817000443
20150817001056
20151112000362
20151116001828
20160330002029
20160816001098
20160816001814
20161114001282
20161114002145
20161114002429
20170331001592
20170508000029
20170515004661
20170515004821
20170814001174
20171114001560
20171114001934
20180330000438
20180402004813
20180515000505
20180814002037
20180814002677
20181114001690
20181114001962
20190515000455
20190814001026
20190814001878
20191114001060
20191114002723
20200330002367
20200515001089
20200814001394
20200814001531
20210813001134
20210817001798
20211112000991
20220322000642
20220513000558
20220812001256
20220906000316
20221114001344
20230811002341
20230811002399
20230814001184
20230814002946
20240312000923
20240325000500
20240514000799
20240516001187
20240813001608
20240814002244
20240814004204
20240814004220
20240819000327
20241112000311
20241114001123
20241114002338
20250318000979
20250318001351
20250320001708
20250513000333
20250515000507
20250515001104
20250812000091
20250812000680
20250813000658
20250813000966
20250813001488
20250814001604
20250814001938
20251114000536
20251114001961
20260313000615
20260317000506
20260317000753
20260319001265
20260514001068
20260515002337
20260814000970
20260814002615
