00101044
00101488
00102353
00103015
00103176
00104537
00104786
00105101
00105873
00105952
00106368
00106395
00106623
00107066
00108038
00108490
00108913
00108940
00109189
00109268
00109286
00109587
00109718
00109754
00109781
00110750
00111458
00112022
00112457
00113207
00113243
00113410
00113614
00114093
00116408
00116949
00117179
00117230
00117337
00117601
00120030
00120182
00121932
00122579
00123541
00123781
00124799
00125521
00125530
00125743
00125822
00126256
00126937
00127936
00127954
00128175
00128315
00128412
00128607
00128661
00129013
00130383
00130763
00131504
00131896
00132628
00132725
00133557
00133812
00134510
00135111
00135467
00136226
00137289
00138446
00138516
00139153
00139214
00139685
00139889
00140052
00140061
00140955
00141246
00141307
00143226
00143907
00144164
00144395
00145163
00145260
00145473
00145914
00146296
00146861
00147860
00148276
00148531
00148540
00148610
00148832
00148993
00149345
00149594
00149646
00149804
00150439
00151128
00151395
00152260
00152729
00152862
00153126
00153375
00153524
00155124
00155151
00155638
00156488
00157070
00158316
00158325
00159023
00159193
00159342
00159786
00160047
00160232
00160418
00160588
00161383
00161462
00161693
00161976
00162911
00163345
00163673
00163691
00164645
00164779
00164788
00165060
00165343
00165413
00165583
00166272
00172291
00173032
00173795
00173874
00174208
00180795
00181943
00184889
00186559
00186717
00186939
00187415
00188973
00190321
00191287
00197759
00198697
00199988
00203582
00204262
00209780
00210980
00217743
00218575
00219574
00220057
00220969
00223434
00225742
00226352
00226866
00228059
00231044
00231363
00231691
00231707
00232821
00233653
00235183
00236863
00239514
00242712
00243979
00244561
00246620
00247975
00249894
00250137
00256380
00258421
00261285
00263371
00264635
00264714
00265324
00267979
00268251
00269612
00269922
00273110
00273439
00276083
00295547
00297448
00298377
00299464
00301246
00303396
00303873
00306719
00313649
00317487
00339072
00346407
00346911
00349811
00350020
00351092
00351807
00352064
00353610
00353762
00355089
00356361
00357430
00358271
00359580
00361594
00362159
00363246
00363486
00363769
00364403
00364467
00367482
00367604
00370006
00372688
00372882
00375931
00378220
00378363
00384887
00385363
00389110
00389970
00390365
00390408
00391197
00392691
00397191
00398668
00398792
00400121
00401731
00406727
00407036
00409672
00414601
00416654
00418379
00422284
00423177
00428251
00442570
00445160
00447760
00454399
00454946
00455875
00475976
00475985
00480048
00480455
00490151
00500254
00506294
00508274
00540447
00547583
