00102353
00103015
00105873
00106395
00108490
00109268
00112457
00116408
00123541
00125530
00125822
00126937
00131504
00132628
00135467
00141246
00141307
00143226
00144395
00148832
00148993
00149804
00151128
00160232
00160588
00163673
00173874
00186559
00203582
00204262
00210980
00218575
00226866
00231363
00231707
00233653
00235183
00243979
00246620
00247975
00249894
00258421
00263371
00269612
00269922
00352064
00359580
00361594
00362159
00389970
00390365
00398668
00422284
00454946
00455875
00480048
00540447
