00100601
00100939
00101044
00101220
00101433
00101488
00101549
00101628
00101664
00101752
00102113
00102140
00102353
00102432
00102618
00102751
00102858
00103006
00103015
00103042
00103130
00103176
00103510
00103547
00103592
00103644
00103662
00104120
00104388
00104537
00104573
00104698
00104722
00104768
00104786
00104810
00104856
00104999
00105040
00105101
00105138
00105156
00105271
00105280
00105299
00105466
00105475
00105606
00105855
00105873
00105952
00105961
00106119
00106313
00106368
00106395
00106614
00106623
00106641
00106669
00106881
00107066
00107224
00107598
00107613
00107677
00107987
00108001
00108038
00108135
00108241
00108490
00108612
00108649
00108746
00108913
00108940
00108977
00109037
00109161
00109189
00109268
00109286
00109310
00109514
00109693
00109718
00109754
00109781
00109806
00109824
00110431
00110583
00110608
00110750
00110875
00110884
00110893
00111111
00111193
00111218
00111421
00111458
00111689
00111704
00111722
00111810
00111838
00111847
00111999
00112022
00112059
00112165
00112332
00112378
00112457
00112651
00112679
00112721
00112970
00113058
00113128
00113191
00113207
00113225
00113234
00113243
00113261
00113359
00113410
00113492
00113508
00113526
00113535
00113544
00113562
00113997
00114093
00114154
00114552
00114686
00114765
00114792
00114808
00115065
00115287
00115384
00115612
00115676
00115694
00115931
00115977
00116268
00116301
00116408
00116426
00116824
00116949
00117027
00117179
00117188
00117212
00117230
00117267
00117276
00117300
00117337
00117498
00117577
00117601
00117629
00117708
00117726
00117966
00118008
00118026
00118044
00118266
00118275
00118284
00118345
00118451
00118804
00118965
00119007
00119140
00119195
00119672
00120021
00120030
00120076
00120182
00120289
00120526
00120562
00120571
00120872
00120906
00120924
00121039
00121154
00121288
00121507
00121534
00121543
00121570
00121686
00121932
00121941
00121969
00122056
00122205
00122348
00122472
00122481
00122551
00122579
00122694
00122737
00122825
00122898
00123143
00123523
00123541
00123718
00123772
00123781
00124090
00124151
00124197
00124276
00124504
00124540
00124780
00124799
00124805
00125080
00125150
00125488
00125521
00125530
00125576
00125646
00125725
00125743
00125822
00125938
00125974
00126089
00126186
00126256
00126292
00126308
00126362
00126371
00126380
00126414
00126478
00126487
00126566
00126788
00126937
00126955
00127042
00127158
00127167
00127200
00127255
00127857
00127909
00127936
00127954
00128032
00128111
00128175
00128227
00128315
00128412
00128546
00128555
00128607
00128661
00128926
00128980
00129271
00129280
00129350
00129420
00129509
00129554
00129615
00129642
00129679
00129989
00130091
00130383
00130408
00130587
00130684
00130763
00130772
00130879
00131018
00131054
00131197
00131504
00131692
00131780
00131832
00131850
00131896
00131939
00132211
00132354
00132628
00132637
00132725
00132804
00132868
00132992
00133335
00133511
00133557
00133618
00133663
00133706
00133751
00133812
00133876
00134176
00134316
00134477
00134510
00134565
00134723
00135050
00135111
00135467
00135777
00135795
00135917
00135999
00136004
00136086
00136101
00136165
00136226
00136271
00136378
00136402
00136448
00136721
00136776
00136864
00136925
00137012
00137058
00137207
00137234
00137252
00137289
00137359
00137368
00137809
00137915
00137997
00138057
00138190
00138242
00138260
00138279
00138297
00138303
00138367
00138446
00138516
00138598
00138701
00138747
00138792
00139083
00139153
00139205
00139214
00139454
00139685
00139719
00139764
00139834
00139889
00140052
00140061
00140131
00140168
00140177
00140566
00140779
00140858
00140946
00140955
00140964
00141149
00141246
00141307
00141389
00141404
00141413
00141477
00141529
00141556
00141583
00141608
00141626
00141671
00141875
00142661
00142713
00142865
00142883
00143226
00143262
00143314
00143527
00143651
00143794
00143907
00144012
00144021
00144164
00144243
00144252
00144395
00144650
00144720
00144818
00145109
00145163
00145190
00145260
00145437
00145446
00145464
00145552
00145598
00145668
00145686
00145862
00145880
00145914
00146083
00146214
00146232
00146269
00146296
00146427
00146436
00146454
00146542
00146560
00146649
00146861
00147082
00147152
00147222
00147772
00147860
00147994
00148276
00148364
00148443
00148461
00148522
00148531
00148540
00148595
00148610
00148832
00148896
00148920
00148939
00148948
00148984
00148993
00149026
00149239
00149354
00149594
00149646
00149655
00149770
00149804
00149947
00150165
00150244
00150439
00150536
00150633
00150828
00151128
00151298
00151368
00151395
00151605
00152039
00152127
00152260
00152385
00152437
00152589
00152686
00152729
00152783
00152862
00152880
00153126
00153278
00153339
00153375
00153393
00153524
00153621
00153755
00153861
00154055
00154329
00154462
00154718
00155124
00155151
00155212
00155258
00155276
00155319
00155355
00155373
00155452
00155531
00155586
00155638
00155692
00155735
00155948
00156150
00156354
00156442
00156488
00156859
00156895
00156910
00156956
00157070
00157399
00157539
00157636
00157681
00157991
00158015
00158024
00158112
00158149
00158219
00158307
00158316
00158325
00158501
00158565
00158963
00159023
00159102
00159193
00159209
00159218
00159254
00159564
00159573
00159616
00159698
00159731
00159740
00159786
00159795
00159810
00159971
00160010
00160047
00160205
00160232
00160302
00160375
00160418
00160588
00160621
00160843
00160861
00161046
00161116
00161125
00161383
00161462
00161693
00161709
00161781
00161860
00161976
00162063
00162072
00162416
00162461
00162586
00162832
00162911
00162993
00163114
00163196
00163318
00163345
00163512
00163673
00163691
00163716
00163761
00164478
00164502
00164618
00164636
00164645
00164706
00164724
00164742
00164779
00164788
00164812
00164830
00164973
00165060
00165103
00165343
00165413
00165583
00165680
00166175
00166227
00166272
00166519
00166528
00167004
00167031
00167192
00167208
00168331
00168401
00169048
00169215
00170026
00170558
00170877
00171265
00171636
00171867
00172079
00172185
00172228
00172291
00172680
00172936
00172945
00173032
00173102
00173351
00173449
00173591
00173698
00173795
00173874
00173944
00173999
00174004
00174527
00175173
00175623
00176516
00176835
00176914
00177199
00177320
00177816
00177870
00178754
00178790
00178851
00180263
00180795
00180865
00181299
00181712
00181943
00184667
00185046
00185222
00185356
00186452
00186559
00186717
00186799
00186939
00187415
00187725
00187770
00188089
00188797
00188973
00189538
00190321
00190756
00191287
00191472
00191588
00192499
00193328
00194947
00195229
00197759
00198192
00198697
00199076
00199252
00199988
00200275
00200910
00201131
00201432
00201733
00202060
00202839
00203023
00203209
00203290
00203315
00203582
00203847
00204208
00204226
00204262
00204323
00204642
00205003
00205687
00206039
00206659
00206686
00207375
00208134
00208444
00209780
00210740
00210856
00210980
00216027
00216434
00216498
00216647
00216762
00217743
00218575
00219097
00219361
00219440
00219486
00219574
00219848
00220057
00220109
00220561
00220622
00220686
00220969
00221728
00222435
00222532
00223434
00223513
00223762
00225159
00225706
00226316
00226352
00226547
00226866
00227333
00228059
00228350
00228536
00228712
00229021
00229030
00230036
00230425
00230814
00230911
00231044
00231105
00231363
00231372
00231442
00231664
00231691
00231831
00231901
00232007
00232089
00232821
00233653
00234227
00234412
00235183
00236863
00238001
00238153
00238199
00238782
00239514
00239639
00240857
00241209
00242378
00242712
00242934
00243067
00243757
00243979
00244561
00244747
00244783
00245472
00245694
00246417
00246620
00247975
00248974
00249247
00249441
00249502
00249894
00249982
00250137
00250614
00250997
00252135
00252269
00253985
00255044
00255105
00255275
00255433
00255619
00256043
00256380
00256502
00256715
00256955
00257732
00258102
00258360
00258421
00258689
00258801
00259545
00259590
00259934
00260383
00260392
00260408
00260569
00260611
00260657
00260745
00260879
00260930
00260958
00261009
00261054
00261285
00261355
00261373
00261443
00261656
00261957
00263654
00264228
00264255
00264547
00264635
00264671
00264714
00264732
00264945
00265005
00265041
00265324
00265421
00266934
00266952
00266961
00267854
00267881
00267906
00267942
00267979
00268002
00268118
00268251
00269241
00269612
00269889
00269922
00269940
00270113
00271501
00273110
00273420
00273439
00276083
00276834
00287788
00287812
00288343
00288495
00293886
00295547
00295857
00296005
00296078
00296263
00296290
00296324
00297095
00297448
00297989
00298270
00298340
00298377
00298447
00299002
00299464
00300405
00300548
00301112
00301246
00301422
00302582
00302926
00303192
00303217
00303396
00303703
00303794
00303873
00304076
00304915
00305297
00305570
00305668
00306162
00306454
00306719
00306870
00307028
00307222
00308559
00308896
00309503
00309831
00310156
00313649
00317104
00317210
00317487
00317681
00318316
00318662
00323868
00325112
00326731
00327396
00327819
00328191
00329093
00330044
00330424
00331016
00332927
00335076
00336297
00336817
00338170
00339072
00339391
00340096
00340272
00346407
00346610
00346911
00347062
00347716
00347734
00348034
00348292
00349060
00349097
00349732
00349811
00350020
00350048
00350312
00350482
00351092
00351375
00351427
00351579
00351630
00351807
00352064
00352499
00353610
00353762
00353878
00355089
00356361
00356370
00356389
00356802
00356839
00357360
00357430
00357607
00357740
00357935
00358271
00359076
00359261
00359395
00359580
00359623
00360036
00360142
00360577
00360595
00360674
00361008
00361169
00361381
00361594
00362122
00362159
00362201
00362238
00362292
00362441
00362858
00363246
00363486
00363510
00363592
00363769
00363927
00364254
00364306
00364403
00364467
00364740
00364847
00365387
00365457
00365590
00365624
00365758
00365934
00365989
00366137
00366438
00366845
00366942
00367385
00367455
00367482
00367604
00367695
00367871
00369107
00369170
00369213
00369569
00369657
00369833
00370200
00370255
00370918
00371485
00371740
00372226
00372688
00372873
00372882
00373021
00373447
00373571
00374020
00375931
00377018
00377610
00378220
00378363
00378628
00379229
00380429
00381756
00382199
00384717
00384762
00384887
00385336
00385415
00389110
00389970
00389998
00390055
00390365
00390408
00390860
00390903
00391197
00392691
00396925
00397058
00397191
00397252
00397289
00398668
00398701
00398792
00398808
00399694
00400060
00400121
00400857
00401731
00402110
00403632
00403766
00403793
00404288
00404701
00404941
00405278
00405320
00405719
00405959
00406037
00406046
00406329
00406727
00407285
00407294
00407771
00407814
00408266
00409140
00409371
00409672
00409681
00409788
00409964
00410915
00410997
00411048
00411385
00411446
00411808
00412348
00412597
00413046
00413417
00413523
00414601
00414850
00415327
00415594
00415628
00415707
00415868
00416414
00416654
00417167
00418379
00422284
00422895
00423177
00423690
00425351
00426068
00426086
00427483
00428251
00428321
00428729
00429694
00432102
00435969
00438036
00439965
00440712
00441243
00441304
00441447
00441650
00442048
00442145
00442154
00442455
00442561
00442570
00442826
00442835
00442905
00444329
00445054
00445160
00445799
00445841
00446901
00447007
00447487
00447502
00447575
00447609
00447760
00447928
00449254
00449379
00450010
00450931
00453284
00453442
00453488
00453929
00454399
00454937
00454946
00455875
00456218
00458234
00462121
00463342
00466428
00468374
00469799
00470829
00471068
00472890
00475718
00475976
00475985
00476036
00476498
00478900
00479705
00479787
00480048
00480367
00480455
00480783
00481454
00482426
00483735
00484682
00485177
00486370
00486875
00487546
00488244
00488402
00488989
00489243
00490090
00490151
00490179
00491053
00491415
00491938
00492353
00492894
00493185
00493325
00493510
00494218
00494476
00494546
00495086
00497631
00498001
00500254
00503668
00506294
00508274
00508344
00513948
00516246
00519252
00520610
00520887
00521390
00523307
00524421
00524786
00525642
00525679
00525864
00525882
00525934
00526599
00526678
00526696
00526836
00526872
00526951
00527002
00527464
00527491
00528515
00528791
00529815
00530121
00530185
00530413
00530556
00531014
00531078
00531917
00532059
00532129
00533003
00533191
00533508
00533924
00534598
00535375
00535481
00535676
00535746
00536286
00536329
00536523
00536541
00536888
00537337
00537832
00539274
00540429
00540447
00540571
00540605
00540641
00540863
00541163
00541349
00541437
00542074
00542898
00543107
00543204
00544577
00545114
00545716
00545734
00545929
00547510
00547583
00549891
00550082
00550994
00551920
00552859
00552992
00554352
00555874
00556615
00556712
00556907
00557508
00557933
00560122
00560982
00562245
00562360
00563518
00563545
00563837
00564562
00565154
00567222
00567897
00568188
00568461
00569691
00571298
00571483
00572905
00573269
00573579
00574611
00575106
00576789
00576798
00577016
00577335
00577380
00578538
00579139
00579980
00579999
00580056
00580065
00580199
00580667
00583026
00583424
00583442
00585538
00587457
00587466
00587925
00589127
00591441
00592653
00593032
00595182
00595191
00596260
00596677
00598198
00599106
00599151
00599285
00599595
00599957
00602136
00602172
00602279
00603348
00604268
00604426
00604815
00605124
00605328
00605522
00606293
00606664
00606770
00607496
00608316
00608699
00608802
00608839
00609324
00609634
00609661
00610083
00611736
00611912
00612188
00612294
00612489
00613318
00614478
00614593
00615723
00616290
00616962
00617314
00617998
00618410
00619507
00619640
00620558
00620868
00623184
00623661
00624509
00624518
00624749
00624998
00625942
00626011
00626464
00627029
00628189
00628860
00629212
00631518
00631837
00632304
00632793
00632845
00633835
00634728
00635134
00636656
00638487
00641171
00641393
00642541
00642897
00643656
00645089
00646732
00648721
00650771
00651017
00651901
00652007
00652423
00653194
00654272
00656289
00656951
00657002
00657783
00657987
00659161
00659976
00660033
00660121
00660291
00660459
00660750
00661847
00663669
00664048
00664181
00664853
00665676
00666064
00666204
00667425
00668600
00668965
00670340
00671376
00672603
00674498
00675594
00679314
00681249
00681373
00683007
00683061
00683469
00684714
00684802
00687711
00688358
00692254
00693554
00693651
00694942
00695969
00706715
00728638
00753643
00755739
00759294
00759513
00760971
00761059
00763473
00763701
00765462
00765569
00765897
00766106
00767628
00769158
00776820
00778235
00787057
00787376
00788737
00788773
00791209
00793155
00795135
00796994
00797364
00799177
00799539
00800145
00803425
00807397
00807555
00808022
00808068
00808086
00809429
00811372
00813389
00814582
00814786
00815095
00815369
00815767
00816544
00816933
00819073
00819374
00820352
00821607
00825223
00825959
00828497
00828789
00829380
00833064
00838005
00838962
00842585
00842619
00843900
00852087
00854997
00855093
00855163
00857480
00857727
00858124
00858364
00861997
00862880
00863038
00864338
00866062
00867098
00867478
00867849
00867973
00868705
00869272
00870481
00870861
00871833
00872656
00872984
00874803
00875237
00875307
00876643
00876865
00876908
00877059
00877174
00877819
00878696
00879020
00885906
00888347
00892526
00896285
00896753
00897752
00899459
00899556
00904672
00910840
00911229
00911955
00913689
00914341
00915508
00916516
00916826
00917861
00918222
00919966
00920379
00923792
00923826
00924931
00925189
00925295
00925587
00926522
00927558
00936787
00937324
00938721
00939331
00939687
00939942
00942131
00945457
00946030
00949161
00956930
00957373
00957735
00958327
00959229
00961507
00961774
00962393
00962922
00963976
00964595
00965318
00965512
00965813
00966168
00970453
00974927
00975290
00977377
00977641
00977650
00980043
00980122
00983040
00983271
00983916
00983934
00985686
00986898
00988364
00989619
00989664
00990165
00990819
00991191
00991298
00992543
00992871
00993931
00994994
00995993
00997812
01003040
01008762
01009789
01010110
01010642
01011368
01011395
01011438
01011526
01012066
01013311
01013694
01014055
01014718
01015160
01020524
01020843
01021639
01021949
01022142
01022902
01023318
01025644
01026157
01027794
01027828
01029394
01031229
01031502
01032404
01032413
01032486
01032583
01033591
01035368
01035678
01036367
01036446
01037214
01037542
01038693
01042085
01042359
01042429
01042650
01042711
01042775
01042979
01043853
01046391
01046708
01047169
01047415
01047451
01047707
01047840
01049167
01049422
01051065
01051092
01051472
01053540
01058101
01060744
01061327
01061497
01061558
01062177
01062867
01063884
01063954
01063990
01064069
01065013
01065679
01067516
01067808
01068348
01068737
01069736
01070149
01071944
01073678
01074862
01075126
01077577
01078178
01080252
01080687
01082348
01082418
01084294
01084364
01085026
01089350
01089378
01090471
01091054
01093007
01095704
01095722
01096341
01098792
01099667
01099861
01101041
01101254
01105621
01108099
01108248
01108442
01109070
01109539
01109715
01109937
01110058
01110076
01110182
01110474
01110678
01112700
01113499
01113754
01116502
01118281
01124653
01124680
01128613
01128622
01130849
01135084
01135640
01135941
01136001
01136348
01137383
01137903
01138364
01138595
01139965
01140837
01141599
01141942
01144569
01146220
01146822
01147487
01150515
01152586
01153105
01153293
01157235
01157846
01158553
01159233
01159853
01160363
01161432
01165155
01166109
01167056
01168383
01169267
01174038
01175499
01179608
01179617
01179866
01181515
01181807
01182259
01182408
01182550
01185566
01187148
01188378
01189438
01190124
01190568
01194689
01199550
01201590
01201970
01203376
01203659
01203808
01204056
01205329
01205709
01205842
01205851
01207716
01207761
01208849
01208885
01210066
01211232
01214248
01214743
01217014
01217795
01219155
01222113
01222432
01222867
01226234
01227039
01228515
01230255
01231786
01232192
01234297
01234507
01235296
01236532
01237434
01237540
01238169
01242241
01243161
01246034
01250374
01251489
01251577
01251595
01253636
01255652
01256864
01257872
01258020
01258428
01258507
01258710
01259232
01259311
01259418
01262032
01263022
01263527
01264438
01264872
01265251
01267170
01267684
01267967
01274310
01274329
01275665
01276901
01283974
01284751
01290248
01291317
01293953
01297898
01299106
01301252
01301623
01302853
01303029
01305249
01307335
01309388
01309795
01310269
01310773
01311055
01311286
01311310
01315042
01316236
01316245
01318261
01319899
01325429
01325979
01326224
01326279
01326792
01327092
01335143
01335453
01335578
01335790
01335851
01335930
01336443
01336461
01336762
01341630
01343665
01344336
01344363
01344831
01351080
01353024
01354740
01358463
01359736
01360875
01364297
01364747
01366000
01367586
01368637
01370517
01370863
01375822
01376715
01381984
01383229
01386916
01390344
01390399
01391103
01393721
01394669
01397620
01397772
01397903
01398151
01399071
01405390
01405451
01405585
01407158
01408999
01409022
01409095
01412725
01412822
01416572
01416642
01423837
01428203
01428948
01429220
01429840
01436479
01437432
01437858
01440153
01444380
01450938
01453670
01454341
01455492
01456011
01462605
01462739
01468061
01476219
01478712
01487446
01489648
01493535
01493793
01494118
01494154
01495180
01497142
01497869
01498974
01501764
01505186
01506848
01506990
01512575
01513440
01514005
01514698
01515323
01516368
01519790
01524507
01526806
01532603
01534577
01546101
01553129
01554508
01555215
01559637
01563667
01571107
01573284
01573381
01575839
01577952
01579570
01583652
01584183
01584934
01585155
01586455
01587056
01593668
01596656
01596920
01601222
01602638
01605282
01622331
01638387
01641600
01649620
01658831
01663569
01685251
01686755
01700587
01703849
01706794
01708163
01721809
01728167
01745173
01786958
01802928
01817920
01829819
01859500
