20190814002289
20160516002146
20240321001151
20150813001487
20211115000974
20220812000616
20260515000756
20220321001010
20250829001719
20220322000223
20190516000161
20161114001255
20200813000795
20170330001241
20240516000476
20180330003110
20171114001730
20220516001573
20150514002283
20260813001257
20250321001949
20150817000443
20240516001484
20181112000062
20240321001841
20260316001289
20240814002070
20191114000035
20180814002041
20160816001950
20220516002400
20210419000082
20170331005415
20210507000032
20151111000104
20241029000267
20170829000312
20180328000391
20241114002125
20180814002391
20151113000583
20250515001360
20191114000051
20151116000598
20210318001314
20250515001100
20250814004198
20191115000265
20210318001035
20260810000179
20250704000110
20190328001588
20231110000160
20200907000001
20210517000592
20220513000622
20220512000562
20221114000859
20150515001378
20250813000966
20250814003856
20181114000737
20220816001186
20170515003443
20230814001437
20240814004204
20231114002833
20210318001359
20230811000617
20240314000201
20210215000045
20260410003661
20200330003783
20200330000693
20161114001546
20250515002866
20190401003456
20191211000390
20220525000220
20161114000900
20190814003003
20191128000793
20200515001837
20180814001466
20200814000172
20210817002200
20250814003217
20161129000445
20230515000627
20250314001724
20260318001692
20200811000038
20220520000551
20191114001240
20181115000008
20180814001991
20210406001324
20251114001563
20250814003272
20250515002454
20160816001498
20181114000810
20230321001171
20190515001799
20180402003938
20250813001488
20220317001345
20250514000663
20260317000753
20151127000841
20240516001777
20171114000860
20250515001415
20231115000405
20220323000924
20220816000725
20190814001351
20220524000096
20200814000024
20260318001409
20180814002414
20200515001905
20210323000804
20230515000975
20231114002969
20230317000780
20260513000850