00101549
00102140
00102751
00103006
00104856
00105101
00106368
00110875
00111689
00111722
00112332
00112378
00112651
00113508
00114093
00114792
00115676
00115694
00117212
00117267
00118521
00119007
00120182
00121288
00121941
00122694
00123107
00125725
00126256
00126362
00126779
00126955
00127167
00127200
00127802
00128412
00129420
00130684
00130772
00131896
00132992
00134477
00134723
00134963
00136402
00136776
00136864
00138190
00138367
00138516
00138729
00140779
00140955
00141307
00142883
00144252
00145446
00146296
00147082
00148595
00148939
00148984
00150439
00150633
00153126
00153375
00153755
00157991
00159023
00159193
00159810
00160375
00160621
00160843
00163196
00163691
00164478
00164788
00170558
00172291
00173032
00173795
00173874
00175173
00177320
00177870
00184889
00199076
00199252
00200275
00203290
00203315
00208134
00219848
00222532
00230036
00231442
00231664
00239514
00260392
00261054
00264547
00265041
00267906
00296290
00298377
00349097
00351630
00365387
00407771
00480455
00583424
00587466
00605124
00688996
00692254
