00101044
00101220
00101433
00101628
00102113
00102353
00102432
00102618
00103042
00103130
00103510
00104388
00104573
00104698
00104786
00104810
00104999
00105138
00105280
00105952
00105961
00106119
00106395
00106669
00107066
00107987
00108038
00108135
00108241
00108649
00108940
00109037
00109161
00109189
00109268
00109693
00109718
00109754
00109781
00109824
00110431
00110583
00110750
00110884
00110893
00111111
00111218
00111421
00111458
00111810
00111999
00112022
00112059
00112970
00113128
00113234
00113243
00113359
00113410
00113492
00113526
00113535
00113562
00113997
00115612
00115931
00115977
00116301
00116408
00116949
00117188
00117276
00117337
00117498
00117601
00117629
00117708
00118008
00118266
00118275
00118345
00118804
00118965
00119195
00120076
00120289
00120526
00120571
00120906
00120924
00121154
00121507
00121534
00121543
00121570
00121969
00122205
00122348
00122472
00122481
00122551
00122579
00122737
00122825
00122898
00123143
00123772
00124090
00124504
00124799
00125150
00125488
00125521
00125530
00125576
00125646
00125743
00125822
00125938
00125974
00126089
00126186
00126292
00126308
00126371
00126414
00126566
00126788
00126937
00127042
00127857
00127909
00127936
00127954
00128032
00128175
00128315
00128546
00128607
00128661
00128926
00129013
00129235
00129271
00129280
00129350
00129509
00129554
00129679
00129989
00130091
00130383
00130587
00130763
00130879
00131018
00131054
00131197
00131780
00131832
00131850
00132211
00132637
00132725
00132804
00132868
00133557
00133618
00133663
00133706
00134176
00134510
00134565
00135111
00135777
00135795
00136086
00136226
00136457
00136721
00137058
00137207
00137234
00137289
00137368
00138057
00138260
00138279
00138297
00138303
00138446
00138598
00138701
00138792
00139153
00139205
00139214
00139685
00139719
00139889
00140052
00140061
00140131
00140168
00140566
00140858
00140946
00140964
00141149
00141246
00141389
00141529
00141556
00141608
00141626
00141671
00143226
00143314
00143527
00143794
00143907
00144012
00144021
00144164
00144243
00144395
00144720
00145109
00145163
00145190
00145552
00145686
00145862
00145914
00146083
00146214
00146427
00146454
00146542
00146560
00146649
00146861
00147152
00147772
00147860
00148443
00148610
00148896
00148920
00149345
00149646
00149770
00149804
00149947
00150244
00150536
00150828
00151128
00151395
00152039
00152127
00152260
00152385
00152589
00152686
00152783
00152862
00152880
00153861
00154329
00155151
00155212
00155258
00155276
00155319
00155692
00155735
00155948
00156442
00156488
00156895
00156910
00156956
00157070
00157681
00158015
00158307
00158316
00158325
00158963
00159102
00159254
00159342
00159564
00159616
00159731
00159740
00159795
00160010
00160047
00160302
00160418
00160588
00160861
00161046
00161125
00161426
00161462
00161693
00161781
00161860
00161976
00162063
00162416
00162586
00162832
00162911
00162993
00163114
00163318
00163345
00163512
00163673
00163716
00164636
00164706
00164742
00164779
00164812
00164830
00165060
00165103
00165413
00165583
00166272
00166315
00166573
00167004
00167192
00167208
00168401
00170877
00171636
00171867
00172680
00172936
00172945
00173102
00173449
00173591
00173698
00174208
00174527
00175623
00176516
00176835
00176914
00177816
00178851
00180263
00180865
00185046
00185222
00185356
00186559
00186717
00186799
00186939
00187725
00188089
00188973
00189538
00190321
00190756
00191287
00192499
00197759
00198192
00198697
00199988
00201131
00201733
00201742
00202060
00202839
00203209
00204208
00204226
00204262
00205003
00205687
00206686
00207375
00208444
00209780
00210740
00210980
00216027
00216647
00216762
00218575
00219574
00220109
00220561
00220686
00220969
00223434
00223513
00223762
00225742
00226352
00226866
00228350
00230425
00230814
00231354
00231363
00231691
00231707
00232007
00232089
00233653
00234227
00235183
00238153
00238782
00239596
00240857
00242378
00242934
00243067
00243757
00243979
00246417
00246620
00247975
00249441
00249502
00249982
00250137
00252135
00255105
00255275
00255619
00256502
00258102
00258360
00258421
00258689
00258801
00259590
00259934
00260408
00260569
00260611
00260930
00260958
00261285
00261355
00261373
00261443
00261957
00264228
00264635
00264671
00264714
00264945
00265324
00265421
00266934
00266952
00266961
00267854
00267881
00267942
00267979
00268002
00268251
00269889
00269922
00269940
00273110
00273439
00276834
00287788
00287812
00288343
00288495
00292434
00293886
00295547
00296078
00296324
00297448
00297934
00298270
00298340
00298447
00299002
00299464
00300548
00301112
00301246
00301422
00302926
00303192
00303217
00303396
00303703
00303873
00305297
00305570
00306162
00307028
00309503
00309831
00310156
00313649
00317210
00317487
00318316
00318662
00326731
00328191
00330044
00336297
00339072
00346407
00346911
00347062
00347716
00347734
00348034
00348292
00349811
00350020
00351092
00351579
00351807
00352064
00352499
00353762
00356361
00356802
00356839
00357430
00357607
00357935
00358271
00359395
00359580
00360036
00360595
00361008
00361594
00362238
00362292
00363246
00363486
00363510
00363592
00364467
00365457
00365989
00366845
00366942
00367604
00367695
00369107
00369170
00369213
00369569
00369657
00370200
00370255
00372688
00372873
00372882
00373021
00373447
00373571
00375931
00377610
00378220
00378363
00378628
00379229
00380429
00382199
00384717
00384887
00385336
00389110
00389970
00390365
00390514
00390903
00391197
00392691
00397289
00398668
00398792
00398808
00399694
00400121
00400857
00405278
00405320
00406329
00406727
00407036
00407814
00414601
00415327
00416654
00418379
00422284
00422895
00423177
00427483
00428321
00432102
00440712
00441304
00442145
00442570
00445054
00445841
00447760
00449379
00453929
00454399
00455875
00456218
00459871
00462121
00463342
00470829
00471068
00475718
00475985
00481454
00488402
00488989
00490151
00491053
00492894
00494476
00506294
00508274
00516246
00525679
00540447
00540641
00541163
00542074
00547583
00555874
00596677
